# This file was produced by samtools stats (1.13+htslib-1.13+ds) and can be plotted using plot-bamstats
# This file contains statistics for all reads.
# The command line was:  stats /media/juan/01D9AF894E0C2760/WORKSHOP/rnaseq_fungi/SRR1278973/STAR_output/SRR1278973_Aligned.sortedByCoord.out.bam
# CHK, Checksum	[2]Read Names	[3]Sequences	[4]Qualities
# CHK, CRC32 of reads which passed filtering followed by addition (32bit overflow)
CHK	356c3874	527bf34e	a49de595
# Summary Numbers. Use `grep ^SN | cut -f 2-` to extract this part.
SN	raw total sequences:	21310172	# excluding supplementary and secondary reads
SN	filtered sequences:	0
SN	sequences:	21310172
SN	is sorted:	1
SN	1st fragments:	10655086
SN	last fragments:	10655086
SN	reads mapped:	21310172
SN	reads mapped and paired:	21310172	# paired-end technology bit set + both mates mapped
SN	reads unmapped:	0
SN	reads properly paired:	21310172	# proper-pair bit set
SN	reads paired:	21310172	# paired-end technology bit set
SN	reads duplicated:	0	# PCR or optical duplicate bit set
SN	reads MQ0:	4132	# mapped and MQ=0
SN	reads QC failed:	0
SN	non-primary alignments:	647598
SN	supplementary alignments:	0
SN	total length:	1917915480	# ignores clipping
SN	total first fragment length:	958957740	# ignores clipping
SN	total last fragment length:	958957740	# ignores clipping
SN	bases mapped:	1917915480	# ignores clipping
SN	bases mapped (cigar):	1911683911	# more accurate
SN	bases trimmed:	0
SN	bases duplicated:	0
SN	mismatches:	0	# from NM fields
SN	error rate:	0.000000e+00	# mismatches / bases mapped (cigar)
SN	average length:	90
SN	average first fragment length:	90
SN	average last fragment length:	90
SN	maximum length:	90
SN	maximum first fragment length:	90
SN	maximum last fragment length:	90
SN	average quality:	36.7
SN	insert size average:	214.8
SN	insert size standard deviation:	15.2
SN	inward oriented pairs:	10653798
SN	outward oriented pairs:	1288
SN	pairs with other orientation:	0
SN	pairs on different chromosomes:	0
SN	percentage of properly paired reads (%):	100.0
# First Fragment Qualities. Use `grep ^FFQ | cut -f 2-` to extract this part.
# Columns correspond to qualities and rows to cycles. First column is the cycle number.
FFQ	1	0	0	17881	0	0	0	0	0	0	0	19537	0	0	0	0	0	25652	0	0	307	0	0	3212	32838	0	40487	78243	72194	99620	0	538492	3560953	0	1283711	4881959	0	0	0	0	0	0	0	0
FFQ	2	0	0	0	0	0	0	0	0	0	0	5158	0	0	0	0	0	32422	0	0	1910	0	0	10818	16331	0	25848	59242	121340	70637	0	433849	2869316	0	496459	6511756	0	0	0	0	0	0	0	0
FFQ	3	0	0	0	0	0	0	0	0	0	0	7435	0	0	0	0	0	17618	0	0	60	0	0	11318	18569	0	26311	66026	134719	71913	0	418195	2701129	0	367758	6814035	0	0	0	0	0	0	0	0
FFQ	4	0	0	0	0	0	0	0	0	0	0	6136	0	0	0	0	0	8264	0	0	8729	0	0	8068	0	0	17910	30158	3293	47990	1380	91842	2988	136049	234003	0	2056677	0	8001599	0	0	0	0	0
FFQ	5	0	0	0	0	0	0	0	0	0	0	11655	0	0	0	0	0	14984	0	0	13461	0	0	12300	0	0	29382	44047	4396	68252	1391	117413	3592	167197	274291	0	2194570	0	7698155	0	0	0	0	0
FFQ	6	0	0	0	0	0	0	151	0	7300	0	5847	647	0	0	94	9201	9040	7668	4888	2223	0	5480	1439	22268	162	37810	28035	18558	46209	20776	116942	98101	216658	181739	612	2223668	109563	7480007	0	0	0	0	0
FFQ	7	0	0	0	0	0	72	396	0	4485	0	6724	1610	56	0	153	6869	5940	10985	6183	3035	75	3961	1804	18295	207	35178	36784	20573	38642	19744	113053	71785	204121	218889	301	2205651	152420	7467095	0	0	0	0	0
FFQ	8	0	0	0	0	0	138	68	15	3132	0	6834	1449	87	0	55	5139	4088	11606	5535	3834	194	3287	2159	14215	174	35291	40160	22655	30114	21811	120880	48083	190987	246874	184	2090049	166983	7579006	0	0	0	0	0
FFQ	9	0	0	0	0	0	75	23	43	1798	1	7253	2371	64	7	28	2847	2951	13633	5408	5580	554	1925	1714	11976	313	35191	14183	52641	24304	24333	120274	18918	161342	175396	124664	612308	700	1143300	504806	7584162	0	0	0
FFQ	10	0	0	0	0	0	65	17	61	1571	36	8947	3916	63	5	20	1887	2446	14912	5508	7464	414	1373	1256	12081	392	36041	11726	62977	18446	27812	123606	11571	165866	188826	120363	623512	2488	1122291	558652	7518475	0	0	0
FFQ	11	0	0	0	0	0	58	4	55	1178	79	7529	3570	42	7	17	1640	2153	14732	5472	8549	307	1114	892	12412	497	36228	11247	74454	9733	30182	127531	10622	167584	194777	120417	631392	4758	1118216	590767	7466871	0	0	0
FFQ	12	0	0	0	0	0	44	7	44	1075	114	7253	3796	29	6	10	1362	2232	14731	5404	8281	270	999	858	12318	679	36457	11286	80006	4412	29493	126688	9768	171655	191840	125327	632343	6228	1131955	591935	7446181	0	0	0
FFQ	13	0	0	0	0	0	23	6	63	1554	152	8233	3768	30	3	21	1984	2746	14737	5784	8324	261	1160	993	13326	796	37698	12315	82309	3845	30001	130939	13302	173754	195193	127793	646713	5130	1143306	621326	7367498	0	0	0
FFQ	14	0	0	0	0	0	23	12	75	1683	167	8431	3638	21	15	13	341	3893	15598	6019	8272	294	1179	910	4229	10477	38049	12382	82764	3465	30241	60870	84147	133432	183938	153327	129799	407970	342444	937217	684986	1914780	5389985	0
FFQ	15	0	0	0	0	0	20	13	67	1757	188	8810	3814	38	13	21	318	4234	15844	6593	8742	223	1298	1157	4372	11269	38569	13198	84280	4067	30816	61874	85028	133354	187606	152303	133255	411473	348986	953019	687693	1935055	5325719	0
FFQ	16	0	0	0	0	0	28	15	78	1800	254	9379	3581	44	12	36	360	4293	16688	6840	8714	250	1381	1133	4653	12075	39550	14142	84618	4121	31499	63650	85174	133163	190769	148270	136576	410847	343631	963548	686967	1955638	5291309	0
FFQ	17	0	0	0	0	0	43	34	92	1897	323	10012	3835	65	14	29	421	4761	16954	7130	9322	184	1400	1040	5214	13203	41441	14412	86756	4059	33053	65893	87729	136118	194184	152857	138849	414661	349923	971534	690280	1978205	5219159	0
FFQ	18	0	0	0	0	0	44	31	116	2411	536	12436	5218	65	19	34	599	5182	17599	8646	11218	191	1724	1219	5940	16127	42470	15421	90935	4767	35176	68638	89756	140108	200750	157786	142311	421959	360059	1000215	731062	2025780	5038538	0
FFQ	19	0	0	15	0	0	68	46	168	3267	797	16468	6499	80	37	61	809	5430	2422	28213	12084	149	1944	1430	6809	17151	44908	16077	95814	4958	35640	73014	93147	143817	126775	239333	146642	359991	360903	798868	889883	2090254	5031115	0
FFQ	20	0	0	48	0	0	48	59	148	3148	910	13780	5200	99	51	82	1287	5534	3073	26656	10802	166	2043	1438	7490	18172	42969	15711	93876	5068	34931	75133	93392	145476	126777	243364	148608	363659	368353	812579	908975	2104553	4971428	0
FFQ	21	0	0	121	0	0	45	65	187	2923	972	11924	4132	126	90	104	1072	5587	3469	23363	10247	192	2006	1420	7939	19425	40873	15654	90096	5200	34912	76921	92473	139878	127319	242425	151139	366431	376050	825693	937793	2134897	4901923	0
FFQ	22	0	0	162	0	0	54	74	193	2997	1213	12169	3684	114	71	115	1165	6032	4331	22186	10772	213	2185	1514	9003	21807	40366	16597	91310	5475	36057	81314	94996	141078	131485	246662	156736	376137	380386	854704	950153	2151040	4800536	0
FFQ	23	0	0	262	0	0	67	72	257	4199	1818	13462	4112	119	98	136	1395	7414	5422	21450	11415	233	2281	1734	10256	25797	40164	17382	89603	5732	37648	87150	95901	137039	134057	248263	161460	379841	383398	869042	964077	2178467	4713863	0
FFQ	24	0	0	439	0	0	65	82	280	3869	2343	13152	3380	120	123	147	1642	8073	6867	20318	11663	273	2385	1918	11165	29499	37930	17966	89397	6178	38592	91047	97214	135558	135901	251386	168891	384445	389964	904933	931229	2123537	4733115	0
FFQ	25	0	0	714	0	0	93	113	323	4484	2867	12565	2897	158	170	175	2065	8469	7470	18229	12217	263	2719	1760	12096	33387	36131	18175	87898	6611	39962	96326	98738	132615	139229	251805	173328	387991	384816	930188	920551	2178584	4648904	0
FFQ	26	0	0	1016	0	0	130	205	464	7291	5559	17680	3545	207	190	208	2784	10531	9687	17886	13262	337	3130	2026	13344	38784	35147	18528	86692	6720	41348	103034	100588	128367	144487	253614	182656	395711	389909	959930	907979	2245336	4506774	0
FFQ	27	0	0	1407	0	0	172	233	591	7937	7510	17778	2756	244	291	256	3561	12477	11194	16568	13578	454	3651	2233	13744	43398	35127	18941	86623	6821	41777	111778	102707	125243	147513	256943	190748	401281	393757	995662	902082	2302065	4375985	0
FFQ	28	0	0	1744	0	0	183	248	692	8989	9585	17236	1957	282	322	335	4296	14492	11921	14763	14327	500	3825	2529	14620	48352	35901	19261	85011	7080	43200	120544	105013	121541	150889	257730	201843	405619	396006	1028970	878687	2367395	4259198	0
FFQ	29	0	0	2142	0	0	216	269	822	10161	11756	16077	1257	355	396	380	4995	16419	11978	13758	14360	661	4244	2765	15097	52130	37338	20361	82688	7634	44270	130500	106582	114784	153862	260524	211210	405965	402475	1054636	867376	2416547	4158096	0
FFQ	30	0	0	2549	0	0	170	372	881	11459	15122	14498	681	357	510	453	6015	18241	10966	12769	14879	665	4414	2788	15529	55713	39494	20546	78540	8067	45121	140639	107102	108372	161161	262505	227898	407227	412332	1098160	861070	2477987	4009834	0
FFQ	31	0	0	3381	0	0	149	316	834	10508	14852	10250	346	388	632	497	6830	20897	9954	9876	11720	750	4261	2374	14809	49161	44264	18266	65746	7531	35493	151115	94174	92593	149756	239955	227736	358072	400452	992678	881748	2170386	4552336	0
FFQ	32	0	0	4419	0	0	135	384	919	12209	17919	8158	184	416	703	613	8411	22426	8004	9696	11993	714	4599	2717	15579	50598	48018	18543	61642	8156	35693	162867	95625	83952	154485	236595	242270	351712	395201	997225	832983	2135229	4614094	0
FFQ	33	0	0	5946	0	0	132	484	1253	13862	22117	6696	116	546	791	846	10295	26168	6530	10410	12778	806	4971	3117	15516	52581	51542	19195	59686	8827	37092	169166	98149	77452	160383	232105	261001	343445	397496	1020979	792866	2135488	4594253	0
FFQ	34	0	0	7445	0	0	122	538	1364	12818	21712	3789	125	528	917	1187	11807	26388	4428	10389	12879	867	5394	3537	16109	53913	54127	20435	56419	9501	38404	174530	101147	72188	167630	227248	275453	336000	396139	1041671	764177	2155036	4568725	0
FFQ	35	0	0	9100	0	0	122	579	1786	13875	24292	2316	142	673	1209	1201	13089	24432	2642	10811	13240	912	6077	4224	16563	55630	53313	21258	55145	10748	39718	180003	102241	68458	176004	224213	292583	323161	405155	1058229	742401	2170880	4528661	0
FFQ	36	0	0	10407	0	0	140	680	1898	14066	25034	1245	149	692	1487	1442	14345	24126	1713	10524	12957	1096	6701	4544	17113	54200	52853	21957	53127	12192	39294	180715	104064	65560	180561	217258	309004	310451	406196	1070298	734207	2183239	4509551	0
FFQ	37	0	0	11993	0	0	132	773	2402	14486	26831	691	167	790	1499	1701	16386	22877	1404	10669	13516	1281	7283	4675	18134	56165	52415	22858	52871	12696	40627	181372	107729	65700	190474	212152	326190	301476	406290	1080830	717003	2190171	4480377	0
FFQ	38	0	0	13663	0	0	152	986	2686	15565	28233	418	160	1025	1823	1818	18969	21317	1359	11210	14394	1520	8217	5356	19392	59149	52492	24487	54546	14276	41801	184586	111436	67635	200922	209086	343380	290925	413408	1089725	713837	2189299	4425833	0
FFQ	39	0	0	15394	0	0	183	1137	2955	14508	26429	300	217	1274	2030	2184	20284	19036	1327	10877	13915	1905	8660	6299	19698	59736	50018	26098	53812	15700	41821	184465	112818	68326	211229	204065	361563	280362	423184	1056029	768603	2207904	4360741	0
FFQ	40	0	0	17286	0	0	174	1326	3540	15505	28480	315	250	1358	2400	2643	21857	16107	1662	11375	14712	1925	9187	6445	21187	60967	46424	26797	55112	18333	43399	180613	114642	71145	221333	198474	368098	276765	425288	1072490	774271	2230029	4293172	0
FFQ	41	0	0	19190	0	0	201	1713	4301	15255	28035	334	257	1769	2706	3119	23929	13977	2004	11454	15437	2614	10048	7409	22977	63753	43614	29835	56244	20125	45146	180982	119410	74056	231902	195378	374964	276789	429176	1086064	767453	2245802	4227664	0
FFQ	42	0	0	21485	0	0	241	1861	4859	15884	29787	332	306	1907	3353	3776	25567	11919	2195	11532	16053	3048	10697	8582	24764	65112	41677	31849	56980	23291	45564	182835	122198	76826	245660	191626	385551	275204	442240	1102721	777934	2256649	4133021	0
FFQ	43	0	0	23887	0	0	260	2120	5493	15729	28536	333	348	1967	3906	4209	26606	9598	2474	11783	16411	3374	11247	9071	26703	66225	37648	32662	57083	26493	47044	178176	126813	79233	252459	189840	386646	282604	443505	1117953	781665	2272198	4072784	0
FFQ	44	0	0	26268	0	0	282	2706	6792	17524	32333	369	428	2601	4531	5333	29473	7828	2812	12118	17659	4015	11529	10508	30826	69288	35079	35869	59111	30691	49263	180527	132470	83344	265442	190329	391244	292335	458010	1137068	777869	2271419	3969793	0
FFQ	45	0	0	28883	0	0	273	2232	5937	14069	25624	377	493	2768	5755	5915	31021	6216	2547	10250	14155	5111	10060	11685	32333	66725	33474	34860	52039	35523	41744	182025	123462	77076	269459	172704	388585	260811	473387	1055785	845782	2204020	4121921	0
FFQ	46	0	0	32013	0	0	244	2138	6192	13158	23353	361	493	2852	5970	6265	27766	4585	2624	10060	14205	5049	10062	12909	32625	64553	26721	36238	52085	38835	42788	168206	125846	78966	264473	174904	378509	271706	460607	1044671	812268	2195056	4205730	0
FFQ	47	0	0	34513	0	0	241	2432	6611	13101	22725	336	482	2944	6092	6464	24826	3595	2899	10333	14747	5220	10107	13285	33438	63838	21482	37207	52049	40944	44231	155221	126261	82303	258562	181115	371793	282656	455120	1026217	785472	2174566	4281658	0
FFQ	48	0	0	37839	0	0	262	2517	7159	13250	20792	389	520	2991	6483	6940	22493	3008	3082	10150	14588	5485	9782	13706	35846	61011	18155	39174	51275	45575	45722	145009	127415	84428	253483	187220	365890	291990	460310	1009700	780976	2161564	4308907	0
FFQ	49	0	0	42889	0	0	243	2554	7464	13747	20413	359	576	2955	7450	7477	20103	2660	3271	10269	14979	5689	10334	15489	35644	60828	14635	40709	51439	50910	47913	136745	130411	88702	248178	196173	355663	307419	463518	900643	886362	2149699	4300574	0
FFQ	50	0	0	46998	0	0	274	2993	7976	14032	19016	335	660	3328	7910	8407	18253	2505	3358	10896	15154	6760	10423	16625	38470	59167	12753	44615	51377	56711	49016	130422	135457	93475	247507	207208	355761	317765	475387	896751	893405	2131647	4262289	0
FFQ	51	0	0	51150	0	0	287	3347	9227	15558	18679	407	880	3648	9653	9504	16891	2520	3505	11432	16202	7458	10959	19053	42404	58527	10742	48761	52019	65449	51576	127714	141716	98383	249810	221271	358096	329332	497604	901646	902070	2111452	4176154	0
FFQ	52	0	0	53127	0	0	271	3784	10103	17300	18480	460	960	4716	10670	9822	15832	2502	3968	11596	16024	8197	11106	21605	45089	56294	9186	52394	51738	72201	53415	121625	148909	103191	248572	235583	363380	343342	512767	903723	925335	2106727	4081092	0
FFQ	53	0	0	56459	0	0	301	4040	10284	17713	15996	449	1104	5097	12360	10600	14461	2646	4177	12004	16615	9145	11521	23327	47859	54008	8543	56770	51681	81555	55738	114367	154994	110977	244955	253314	366517	356962	531745	906567	945314	2091966	3992955	0
FFQ	54	0	0	60890	0	0	284	4390	10937	19444	14680	446	1237	4954	13107	10728	11447	2523	4141	12677	16699	10291	11909	25916	49397	51891	8028	63017	50261	90595	58548	110409	164620	120257	244202	272879	374351	377167	545000	911070	963723	2072316	3890655	0
FFQ	55	0	0	65162	0	0	324	4383	11014	20161	12985	481	1156	4981	14204	10308	9380	2629	4231	13194	16917	10594	12259	27567	50370	31952	22760	67153	48886	98320	61229	100302	171886	126203	234931	293730	381685	394385	536474	940052	997549	2052155	3803134	0
FFQ	56	0	0	72391	0	0	320	4851	11332	21851	11473	506	1385	5105	15261	10815	7651	2797	4335	13634	17977	12473	11966	29398	52568	28592	22954	72641	47072	105337	63854	95223	178978	131484	229899	312009	393023	415689	558396	944922	1021752	2030023	3695149	0
FFQ	57	0	0	75876	0	0	370	5174	12297	24305	9794	510	1582	6387	16582	10765	6428	2858	4362	14882	17858	13746	12410	32022	52753	25523	23141	79410	45901	113965	67834	90393	188394	138911	225678	334485	403922	439071	576188	941005	1048328	1998713	3593263	0
FFQ	58	0	0	81714	0	0	401	4812	12424	25432	7933	573	1610	5387	17613	9993	5117	2874	4634	15466	17558	14146	13057	35052	52623	22272	23614	82955	43665	122457	70573	84658	196077	145215	217994	358308	423145	469941	589991	943231	1080767	1970061	3481743	0
FFQ	59	0	0	87627	0	0	466	5224	13576	29605	7227	642	1802	5553	19736	10281	4348	2796	4626	16786	18349	15031	13342	39675	52203	19685	24778	90192	42298	131901	75317	82570	205686	154098	212878	383894	445522	504575	618692	941640	1106905	1924425	3341135	0
FFQ	60	0	0	91952	0	0	526	5250	13845	30176	5485	673	2240	6420	21293	10072	3735	2954	4686	18199	18182	16661	14176	43768	51570	18026	26388	97308	40465	137873	81524	80194	216124	162547	208038	407297	468495	535906	645916	933768	1146950	1885804	3200600	0
FFQ	61	0	0	95608	0	0	558	5147	13796	29747	4049	806	2666	7427	22259	8946	2809	2700	5103	18667	17269	17448	14655	46221	48784	16187	26300	101541	38071	144508	84116	81926	223218	170158	201270	428286	500238	569715	685908	915662	1190903	1826302	3086112	0
FFQ	62	0	0	103317	0	0	712	5925	14775	32013	3121	909	3076	5837	22512	8574	2476	2971	5540	20282	17799	19301	15535	50440	47255	16126	27592	108970	37046	148884	90890	82656	233808	181968	201851	452564	539351	615671	714402	908483	1237474	1761544	2913436	0
FFQ	63	0	0	107843	0	0	676	7346	16651	35747	2500	998	4278	6818	23406	8395	2225	3154	5748	24986	18257	19855	16320	54455	44466	17148	29639	117120	36611	153466	98380	87677	244152	192064	201308	478800	575440	660038	754599	895500	1303455	1686764	2718801	0
FFQ	64	0	0	117056	0	0	761	6550	19118	40384	1806	1116	3641	5442	25334	8170	2059	3557	6471	26284	18304	21826	18077	59650	43662	17282	31874	129211	35700	158398	107264	95544	253458	204851	203098	504846	626027	704855	801914	878551	1355920	1600622	2516403	0
FFQ	65	0	0	121018	0	0	866	6306	19094	39180	1180	1254	4670	7273	27675	7839	1721	3388	6530	23747	19542	22846	19058	62599	42575	16205	32185	133121	31956	161567	114138	104300	263253	214410	208932	532063	681892	754310	855667	846474	1431634	1505424	2329194	0
FFQ	66	0	0	127968	0	0	833	6337	19845	39625	690	1250	4842	6437	27759	7694	1672	3632	6804	26145	19248	26102	19735	66173	41819	16178	34076	142349	32122	161643	121833	115423	268456	226294	212244	559880	737915	806645	912319	815290	1504156	1402439	2131214	0
FFQ	67	0	0	135927	0	0	883	5953	20368	38505	379	1320	4499	5325	26974	6689	1625	3597	6803	26800	17966	25330	20698	68254	35801	16785	34870	148143	31836	158177	130037	124821	271984	237847	219301	591419	809792	862776	976799	778135	1552336	1304088	1952244	0
FFQ	68	0	0	143867	0	0	844	6143	22143	38684	220	1501	5055	5243	27416	6151	1565	3754	6868	29035	18204	27409	21679	70463	32745	17424	37753	156151	31756	157586	139957	136265	282943	252309	233429	628901	891597	918605	1028221	745074	1575445	1205287	1747394	0
FFQ	69	0	0	154121	0	0	867	6972	25100	40675	112	1672	5565	5192	27250	6224	1656	3843	7451	32402	17762	29131	23113	71488	30651	18676	40943	166234	31671	153343	152157	146033	285729	264818	244267	668383	973018	980677	1091489	701482	1586081	1099468	1559370	0
FFQ	70	0	0	164209	0	0	946	6550	25690	38882	41	1844	6359	5596	27656	5838	1534	3815	7417	33837	16423	29836	24494	71338	26609	22681	41304	173153	31626	149528	159899	157215	289303	275162	261673	699626	1067253	1037144	1177876	644668	1599839	984046	1384176	0
FFQ	71	0	0	174049	0	0	1081	6705	27070	37804	16	1917	7658	5611	27353	5482	1905	3803	7923	35050	15592	32763	25376	72013	25129	23642	43711	180986	31675	145435	170918	168864	292575	282050	280057	738419	1176621	1088705	1260687	592518	1577322	869467	1217134	0
FFQ	72	0	0	183870	0	0	1336	6832	29867	37813	10	2236	8587	5884	28644	5596	2208	3953	8581	38147	15001	35134	27127	72711	25215	25837	47310	192342	34347	140701	184359	182268	301401	295270	301177	784699	1287623	1139631	1308699	546684	1545445	760233	1038308	0
FFQ	73	0	0	193209	0	0	1252	7096	30892	35663	7	2170	9949	5230	27871	5258	2261	3998	8304	39814	14137	37668	28291	71447	23952	26464	48859	199689	34377	134603	196373	190523	306873	304718	318192	835249	1405943	1197177	1382484	493570	1506925	650785	873813	0
FFQ	74	0	0	205478	0	0	1659	7339	36185	37926	6	2750	9606	5454	27458	5322	2965	4112	9311	43602	13920	41506	29131	69845	24589	29203	52692	209209	36912	130413	211494	200168	316557	316940	336290	892163	1538570	1233658	1409311	443230	1446526	549703	723883	0
FFQ	75	0	0	218533	0	0	1771	7714	39573	36610	4	2811	9767	5784	27749	5006	3061	4206	9445	46915	13604	44134	31249	69295	24827	31273	56213	214870	43690	126863	226595	212632	327393	332266	357025	954785	1659728	1274335	1432695	390897	1377229	450515	584024	0
FFQ	76	0	0	231922	0	0	1349	6316	37602	32220	4	4559	14608	8704	42684	3956	3793	3140	10062	40698	14767	70567	47527	98272	34535	47020	70018	334322	60291	217440	339935	412726	564026	598403	547105	1552617	1321628	1296161	780266	293418	1154598	245722	112105	0
FFQ	77	0	0	241922	0	0	1765	6022	38367	28530	11	3884	12060	7012	31293	3877	3931	3471	9405	41564	12402	57297	37568	70770	27500	39153	60997	264587	52467	141015	291704	298569	443637	482450	521062	1480215	1626672	1399643	1032299	251528	1240999	285258	104180	0
FFQ	78	0	0	251841	0	0	1739	5464	36738	24759	3	3510	11453	6463	24787	3719	3806	3590	9471	42486	11106	52602	33034	57396	26171	34742	59029	232167	49037	108819	265211	246351	374712	395870	458332	1254238	2006360	1446935	1336666	223121	1120337	255816	177205	0
FFQ	79	0	0	265003	0	0	1686	4843	35442	20838	7	3354	10082	5619	20104	3655	3919	3652	9293	43421	10256	51131	31094	48405	25353	34944	61631	218486	49949	93452	258102	227865	353081	372775	443820	1194559	2289627	1483964	1409349	194282	1006481	175289	190273	0
FFQ	80	0	0	280015	0	0	1804	4833	36917	18555	1	3165	9202	5147	16801	3651	4254	3686	9314	43577	10168	51372	29692	42857	25956	34693	64254	213101	50298	83100	260910	218365	350916	364025	444738	1215296	2510513	1515348	1401524	159834	881016	126676	159512	0
FFQ	81	0	0	297284	0	0	1804	4091	32671	14221	3	3348	8811	4846	14244	3186	4303	3510	9594	41675	10149	52142	28012	36460	27293	34650	67447	206311	52800	74913	260891	217927	353162	361422	456579	1253047	2720706	1530739	1378937	129086	756486	87285	115051	0
FFQ	82	0	0	317887	0	0	1697	3646	30875	11662	4	3244	8089	4662	11985	3125	4364	3496	9206	41126	9901	52623	25291	31160	27449	35150	70430	197974	55279	68230	266917	211873	356634	368081	466400	1306384	2929043	1535294	1313876	103836	630180	59445	78568	0
FFQ	83	0	0	342808	0	0	1822	4226	39105	12509	0	3459	8520	4747	10882	3367	4496	3995	10536	46466	10550	55397	26784	27700	30260	36135	77962	200608	59253	63736	275993	213857	369073	377830	479249	1371543	3095472	1511809	1202832	79562	508493	36589	47461	0
FFQ	84	0	0	371424	0	0	1954	4041	37907	10102	4	4310	9007	5038	10023	3163	5059	3759	11542	45417	11462	59834	26250	24168	31933	39192	83388	200485	61889	60805	289781	213634	379335	391502	487368	1431484	3248220	1482081	1092745	60983	406500	21765	27532	0
FFQ	85	0	0	404607	0	0	1728	2644	29563	6883	3	3601	7846	4483	7704	2623	4816	3456	10045	41262	11670	58520	23562	19795	31694	38196	85334	188200	65543	56711	288951	216213	384916	402570	507806	1487605	3433724	1448219	989768	45639	309655	12866	16665	0
FFQ	86	0	0	446028	0	0	1674	2187	25815	5102	0	3226	6406	3934	5481	2292	5493	3300	9326	39797	11861	57211	20250	15830	29517	40008	89584	175311	67250	52998	291167	210478	391927	409403	518066	1542328	3604939	1419200	866050	33273	231333	7511	9530	0
FFQ	87	0	0	498262	0	0	1530	1681	23071	4255	2	2892	5563	3608	3985	2003	6324	3335	9198	39618	12404	60225	18441	12779	30053	41677	94652	166667	71233	49794	294604	211415	397994	418836	518673	1606537	3729215	1392740	726682	23878	162950	3803	4507	0
FFQ	88	0	0	558931	0	0	752	937	14898	2339	0	2104	3624	2404	2458	1315	4461	3168	8834	36870	12309	53873	15733	10070	31398	39411	98483	152003	74046	44223	294857	213633	405095	428352	530691	1659982	3866488	1344483	606859	16215	109027	2261	2499	0
FFQ	89	0	0	634423	0	0	238	290	5453	959	0	778	1290	965	912	659	4132	3150	8635	36943	12139	49538	13137	7925	29705	39621	103409	139674	74391	41088	299326	207904	414950	442713	537565	1718779	3968904	1275812	502186	10161	64726	1282	1324	0
FFQ	90	0	0	725429	0	0	0	0	7	48	0	0	0	30	43	49	4061	3254	8174	37136	11893	45709	11239	6529	28192	37620	103787	123224	73932	37958	290384	210477	422787	452864	543219	1774872	4069835	1190596	395964	6003	38143	803	825	0
# Last Fragment Qualities. Use `grep ^LFQ | cut -f 2-` to extract this part.
# Columns correspond to qualities and rows to cycles. First column is the cycle number.
LFQ	1	0	0	67	0	0	0	0	0	0	0	45116	0	0	0	0	0	61541	0	0	330	0	0	5964	64715	0	66341	141448	143386	129794	0	532757	2945599	0	1186165	5331863	0	0	0	0	0	0	0	0
LFQ	2	0	0	4	0	0	0	0	0	0	0	39912	0	0	0	0	0	64808	0	0	216	0	0	13095	54050	0	63564	131998	178678	116175	0	451490	2666485	0	681076	6193535	0	0	0	0	0	0	0	0
LFQ	3	0	0	0	0	0	0	0	0	0	0	46254	0	0	0	0	0	69771	0	0	235	0	0	15001	53768	0	66558	129323	185410	118720	0	446881	2568419	0	612420	6342326	0	0	0	0	0	0	0	0
LFQ	4	0	0	224	0	0	0	0	0	0	0	39401	0	0	0	0	0	23490	0	0	44666	0	0	12531	0	0	53059	60879	2411	101002	0	152561	2019	206944	333503	0	1889829	0	7732567	0	0	0	0	0
LFQ	5	0	0	0	0	0	0	0	0	0	0	40073	0	0	0	0	0	23421	0	0	40489	0	0	12504	0	0	51549	60538	2641	97038	0	149383	2149	204228	329625	0	1899627	0	7741821	0	0	0	0	0
LFQ	6	0	0	1	0	0	0	12	0	5474	0	31985	7726	0	0	2	4491	5322	33784	12045	10121	0	1625	1124	17094	6	53821	55979	6845	63698	29111	144842	24538	213017	291410	0	1691015	203685	7746313	0	0	0	0	0
LFQ	7	0	0	301	0	0	4	16	0	3571	0	26354	8062	3	0	4	3286	3765	35263	9692	9553	1	1198	900	14902	4	50278	53610	7450	64095	28742	138272	18159	216618	304207	0	1709628	222730	7724418	0	0	0	0	0
LFQ	8	0	0	236	0	0	8	15	0	3866	0	29566	10842	2	0	1	2939	4089	35185	10166	12620	3	1260	1122	16587	7	53930	59882	10973	58010	32819	149175	16468	220612	309757	3	1709494	217166	7688283	0	0	0	0	0
LFQ	9	0	0	173	0	0	17	9	4	4301	0	32507	12134	4	0	3	3250	4417	37692	11281	13384	18	1329	1168	17711	16	54606	17452	61985	53063	33312	150100	12516	201955	204367	135925	602274	0	1086012	619853	7282248	0	0	0
LFQ	10	0	0	0	0	0	14	9	6	3752	4	29467	11663	2	0	4	3193	3806	37874	10808	12690	26	1115	1016	16257	24	53760	16745	73761	40231	32975	148107	11958	199499	204814	137656	600666	4	1097513	638488	7267179	0	0	0
LFQ	11	0	0	0	0	0	10	13	12	4106	11	32076	12394	11	2	4	3382	3869	37637	11138	12976	22	1175	1007	17018	63	54990	17695	92607	22233	34094	151890	12564	200729	208852	134415	608835	6	1091428	645316	7242506	0	0	0
LFQ	12	0	0	0	0	0	18	8	20	4224	38	30665	10812	15	2	5	3499	4560	37260	11902	12468	22	1444	1187	17708	97	55008	18559	108527	7619	34256	153408	13656	207181	208189	138406	611754	25	1098865	653132	7210547	0	0	0
LFQ	13	0	0	88	0	0	25	16	26	5541	67	34976	11535	10	2	6	4024	4820	38810	12200	12318	30	1632	1271	18366	171	57063	19945	111825	5361	34446	154755	15317	208754	207768	141641	620699	40	1116306	673441	7141791	0	0	0
LFQ	14	0	0	0	0	0	20	18	54	4866	98	32102	10179	12	8	7	182	7087	39753	12251	12011	20	1568	1179	4994	13312	55963	20090	112110	5232	34732	71892	93004	160379	204734	160479	111264	385358	320758	983080	664598	1759603	5372089	0
LFQ	15	0	0	0	0	0	26	42	40	5441	161	34900	11900	16	7	14	257	7782	39308	13407	13492	37	1679	1368	5374	14763	56839	20502	112167	5735	36047	72755	95575	158832	206965	158193	112552	388222	322381	987301	665147	1781098	5324761	0
LFQ	16	0	0	0	0	0	17	57	80	5982	212	38037	12537	20	18	32	301	8227	40452	14106	13948	31	1789	1408	5773	15571	59348	21389	115856	6075	37357	75328	97416	161173	213260	161332	114934	396611	325623	999553	664362	1805523	5241348	0
LFQ	17	0	0	44	0	0	27	60	76	5629	338	35384	11970	42	23	38	355	7922	40577	12861	13544	48	1696	1322	5958	15303	58731	20812	116310	5707	36756	76802	97761	165110	212564	165321	116503	399524	330473	1011062	674817	1830622	5182994	0
LFQ	18	0	0	0	0	0	27	70	104	6338	544	40281	13836	37	31	36	427	8349	41559	13797	14965	47	1790	1438	6244	17158	58811	20893	117698	5787	37997	76249	97184	163313	215931	163843	117186	399965	333066	1015762	676652	1851746	5135925	0
LFQ	19	0	0	162	0	0	32	67	108	6732	815	41925	13764	50	51	62	573	7037	3250	57700	14440	51	1878	1418	6733	17930	57922	21030	119629	6043	38035	78032	97917	167180	133145	248495	118182	351433	322684	824157	817384	1913700	5165340	0
LFQ	20	0	0	371	0	0	43	75	119	6373	1073	37556	11971	36	53	63	609	7426	4413	53797	14621	57	1864	1461	7397	19432	55564	21167	119823	5860	38558	78877	98608	167355	133203	250422	119385	354515	327581	834375	839214	1932887	5108882	0
LFQ	21	0	0	665	0	0	44	80	163	7629	1704	43883	13960	53	79	84	809	8866	5850	52381	16409	65	2037	1619	8446	23158	57962	22484	119690	6305	40415	82887	101729	165993	136968	254550	122695	360936	330833	855849	857318	1953202	4997286	0
LFQ	22	0	0	1000	0	0	44	116	196	7858	2280	40822	11832	57	107	88	969	9601	7867	49143	15235	81	1979	1539	9155	25027	54530	21931	119480	6290	40017	84592	101704	169056	137479	258806	124246	365275	341689	862923	893484	1964919	4923669	0
LFQ	23	0	0	1421	0	0	48	165	228	8672	3188	41564	11184	87	134	116	1208	11062	10566	45441	15996	83	2202	1700	10728	29525	53404	22480	119080	6717	41851	89738	103224	165647	139558	261169	128317	370265	347273	881691	911916	1989729	4827709	0
LFQ	24	0	0	1904	0	0	42	147	259	8584	4032	37309	9289	81	167	128	1543	12051	12501	40257	15046	143	2415	1741	11513	32733	49350	22688	115670	6843	41191	93877	103185	162404	139806	262848	130433	372465	351672	903236	872768	1863182	4971583	0
LFQ	25	0	0	2387	0	0	65	156	279	9068	5554	34783	7513	82	162	136	1943	13355	15196	34557	15312	155	2441	1768	12884	37808	46609	22630	112332	6759	41627	99277	103726	157035	142269	262841	135034	375592	354599	921906	872962	1920616	4883668	0
LFQ	26	0	0	3010	0	0	63	194	405	10953	7903	36091	6702	106	204	167	2492	16257	17470	29968	16158	147	2710	1852	14506	44026	44286	23212	108379	7166	43340	106663	105494	150179	144997	262796	140365	379431	353231	947213	862489	1987647	4776814	0
LFQ	27	0	0	3746	0	0	54	235	420	11972	10000	33664	4799	145	236	210	3087	18347	19663	26292	16394	199	3113	2129	15728	50303	42618	24033	106524	7569	43832	115398	106964	145212	147321	264861	147524	385459	356199	973500	858644	2058556	4650136	0
LFQ	28	0	0	4841	0	0	68	233	509	14040	13687	33182	3538	136	290	270	3937	21224	20866	22371	17052	239	3299	2212	16721	57290	41588	24518	103449	7848	44715	126406	107749	140446	150318	270377	155708	388799	360721	1001404	853508	2118579	4522948	0
LFQ	29	0	0	5432	0	0	66	304	658	16434	17680	31320	2169	170	370	288	4873	24844	21292	19564	17290	263	3686	2287	17434	62571	43388	25204	98940	7966	46197	137353	109173	130991	153275	269830	163723	390521	364112	1036068	839694	2181655	4408001	0
LFQ	30	0	0	6300	0	0	84	301	735	17657	20618	25602	880	219	391	346	6133	27374	18680	17437	17437	298	4010	2360	18018	65931	46647	25357	92699	8657	46593	150352	110977	121282	156831	271105	175871	390944	367128	1066440	822321	2240306	4310765	0
LFQ	31	0	0	7379	0	0	96	403	900	20234	26586	21929	405	248	470	423	7389	30530	15104	17466	18704	365	4639	2737	18284	69446	51957	26237	87749	9005	48348	164468	114444	111452	163538	273173	190021	391525	372851	1107890	797929	2269350	4211412	0
LFQ	32	0	0	8477	0	0	112	457	1033	20937	30371	15968	143	274	541	522	9082	32941	11477	16801	18384	451	5090	2790	18477	70479	57863	26673	81975	9217	48422	177758	115903	100368	167800	271442	205274	388934	377966	1148484	784631	2303387	4124182	0
LFQ	33	0	0	9657	0	0	114	480	1349	24009	37255	11932	131	328	667	655	11136	35371	8207	17497	18841	512	6060	3153	18168	71761	61533	27294	77260	9794	50060	188443	118276	92071	174502	269199	222899	383680	381981	1189244	765053	2343723	4022791	0
LFQ	34	0	0	10862	0	0	101	519	1330	21594	36131	6103	153	430	771	784	13559	39366	5577	14519	15654	623	5790	3123	17874	65537	72079	24841	64403	8987	39652	207075	107263	75020	169535	249874	234678	333966	387206	1105100	811618	2087271	4416118	0
LFQ	35	0	0	12188	0	0	102	542	1484	20336	35356	2894	133	473	884	849	15352	35294	3026	14080	15285	657	6402	3137	17254	65385	70249	24803	60233	9339	40489	207708	108090	68557	176388	237844	247654	317282	378086	1108555	765812	2067622	4515262	0
LFQ	36	0	0	13577	0	0	126	662	1820	20486	38208	1274	151	516	997	1117	17329	33292	1695	14632	16114	728	7081	3558	17457	67263	66993	25761	59396	10078	42017	203675	108145	65899	183518	227570	262337	302332	373996	1116428	731806	2069009	4548043	0
LFQ	37	0	0	15094	0	0	125	879	2279	22543	42144	524	146	677	1242	1341	20629	31837	1294	15097	17180	826	8304	3799	18421	70062	67015	26780	60264	10723	43532	206636	112221	65667	194660	220957	282058	291489	371793	1120496	711624	2071089	4523639	0
LFQ	38	0	0	16670	0	0	101	877	2667	21511	40637	239	149	687	1421	1725	22933	29275	1299	14664	16656	956	8738	4463	18803	70380	65262	26812	59662	11984	43285	206723	112426	65345	203283	211863	294891	276517	374858	1122534	711178	2086221	4507391	0
LFQ	39	0	0	18366	0	0	130	1072	3044	20801	40122	167	177	816	1649	2032	24898	25135	1528	14717	16995	1029	9509	5001	19847	70819	61902	27655	60077	13102	44707	204276	114025	66246	213706	203068	308334	266262	377816	1082110	751435	2103076	4479435	0
LFQ	40	0	0	20067	0	0	115	1217	3667	21432	41270	131	151	1037	1978	2563	27531	21700	1791	14524	17708	1275	10096	5388	21003	73122	57708	28589	60918	14560	45807	202351	116827	67819	225448	194305	317909	260800	380499	1090852	740731	2108135	4454062	0
LFQ	41	0	0	22009	0	0	155	1326	4356	20778	41193	123	213	1177	2442	3177	30261	18224	1963	15021	18238	1458	11141	6242	22367	75749	54227	29810	62665	16614	46788	203074	120668	70007	238219	187748	327106	259889	384419	1109873	736710	2121594	4388062	0
LFQ	42	0	0	23701	0	0	125	1539	5236	20892	40352	130	232	1340	3035	3696	32104	14984	2333	14810	18002	1628	11657	7290	24233	76880	50116	31261	62107	19439	46769	201530	121228	71264	251414	179732	333191	256060	394147	1118784	746215	2132671	4334959	0
LFQ	43	0	0	25565	0	0	147	1965	6167	21634	42035	158	244	1667	3542	4535	34582	12328	2595	14521	18262	1988	12019	8206	26893	79079	45568	33232	62749	22460	48045	200375	124421	73106	264427	175586	335748	259598	399286	1131315	741412	2143460	4276166	0
LFQ	44	0	0	27681	0	0	154	2094	7022	21633	41550	165	279	1875	4271	5351	35888	9828	3172	15175	19105	2173	12436	9292	29644	81209	40749	35015	64061	25806	49475	194962	126783	75204	271542	172914	334140	266287	404679	1142075	736942	2162466	4221989	0
LFQ	45	0	0	29796	0	0	161	2575	8518	22454	42654	179	325	2185	5077	6436	36704	7556	3508	15014	19536	2842	12790	10457	32504	82944	36770	36347	64145	30069	50241	193003	129465	77531	282303	171396	333911	268724	411764	1149906	723124	2186033	4166139	0
LFQ	46	0	0	32188	0	0	178	2984	9214	21362	39921	182	372	2678	6151	7737	36712	5992	3843	14934	19645	3389	12716	12100	36669	84600	32315	39775	64087	35204	51331	189338	132773	80158	288935	172991	334779	275379	423257	1162670	731347	2182805	4104375	0
LFQ	47	0	0	34655	0	0	126	2600	8531	18455	33540	203	454	3050	6961	8644	34804	4218	3755	13128	16792	4109	12258	13490	39539	81163	27470	39969	58094	40766	45403	186961	127291	77041	288842	163541	329299	254607	435778	1103495	798522	2117995	4219537	0
LFQ	48	0	0	37319	0	0	156	3099	9692	20090	33958	215	448	3129	7637	9208	31786	3637	4234	13699	18020	4401	12267	14240	41669	78804	22279	42705	58691	45357	47724	173551	131324	80380	283044	170800	318710	264424	431658	1094146	781568	2105239	4255778	0
LFQ	49	0	0	40156	0	0	169	3332	10884	20286	32485	196	484	3504	9186	10310	29900	3381	4672	13635	18226	4868	12289	15676	44241	78183	17806	44626	58416	51086	48657	164424	134388	82179	276053	177163	298556	284194	437764	963684	895208	2088034	4276785	0
LFQ	50	0	0	43031	0	0	194	3634	11205	20386	29700	235	473	3883	10575	11392	26076	3152	4631	13525	18146	5364	12402	17534	47819	74912	14058	47044	57604	60349	49372	153172	137769	84922	272027	188130	292056	291460	442552	960865	895089	2073437	4276911	0
LFQ	51	0	0	46185	0	0	174	3667	11458	20042	25807	359	780	6087	17629	16643	33703	2524	3910	10919	14350	9309	13831	26831	70099	96031	16562	57416	52660	114999	43369	261030	170859	93372	482628	258116	451431	338999	1050680	1428986	2170850	2092003	1140788	0
LFQ	52	0	0	49227	0	0	196	4065	11732	20829	22980	303	824	5453	15645	14584	22195	2636	4194	11386	15578	8189	13169	24337	62368	71842	10093	57970	51012	96855	43911	172443	160653	95252	335304	235122	356030	311740	693227	1215516	1868869	2865614	1703743	0
LFQ	53	0	0	52277	0	0	199	4021	11661	21212	20250	273	753	5392	14962	13420	16590	2625	4364	12336	16374	8240	12848	24058	58594	60665	7737	58515	50561	91913	47503	133033	155104	98392	273914	230311	304265	316431	530831	1060774	1251673	2493736	3189279	0
LFQ	54	0	0	54994	0	0	202	4285	12213	21624	17432	281	753	5262	15799	12845	13076	2620	4417	12532	16806	8767	12525	24863	58200	52865	6802	60334	48802	95216	49701	112630	155239	99301	245327	234184	286796	324183	488986	974810	1044412	2108713	3967289	0
LFQ	55	0	0	57948	0	0	231	4710	12574	23477	15538	291	928	5783	17032	12651	10401	2797	4564	13161	16880	9279	12704	27305	57594	34702	19148	64740	46930	101676	51716	97900	159488	102990	227559	246311	280909	335941	474253	943200	983720	1961162	4216893	0
LFQ	56	0	0	62141	0	0	249	5609	14619	29077	15595	343	1042	6103	19317	13118	9053	2900	4892	14104	17864	10430	13287	30421	59475	30592	20074	69932	45952	110611	54916	87989	167069	109380	215492	260835	282764	353750	485002	926182	976997	1894962	4232948	0
LFQ	57	0	0	65626	0	0	244	5179	14020	27813	11797	389	1161	6465	21337	13217	7904	3173	5042	14599	17299	11408	13766	33250	59010	26774	20024	73194	43344	119221	56811	81003	172220	113921	206227	275492	291826	373708	501933	911898	1009374	1854823	4190594	0
LFQ	58	0	0	69599	0	0	280	5465	14683	31422	10106	368	1362	6288	22098	12120	5538	3059	5275	15551	18690	12960	14218	36840	59859	23112	20867	80072	42821	129160	61240	76190	182089	122123	200103	296786	306487	402651	525722	910137	1050413	1804658	4074674	0
LFQ	59	0	0	73650	0	0	246	5066	13587	29605	7280	382	1489	6102	22857	11034	4087	2927	4844	15234	17101	13523	14005	39890	57172	19523	20037	84999	39089	136834	62131	71818	188484	128728	191171	312059	327383	427907	560336	902650	1098796	1764081	3978979	0
LFQ	60	0	0	78016	0	0	279	6298	16303	37369	6623	418	1775	5984	23813	10642	3070	3353	5484	18023	19340	14787	15220	44163	55135	17189	21863	93092	38351	142864	67551	68051	198120	138166	183725	331111	352569	461959	585992	897586	1151122	1726120	3813560	0
LFQ	61	0	0	82574	0	0	273	5667	14929	34422	4381	434	2004	6110	25513	9586	2440	3182	5298	17673	17474	16332	15782	48416	53492	15392	21665	98136	35052	151759	71552	69043	206658	145282	178917	350176	383921	497989	628484	883650	1220868	1670313	3660247	0
LFQ	62	0	0	87347	0	0	286	5448	14402	33737	2842	471	2144	5840	25849	8780	1780	2933	5111	18063	16830	16882	16321	52329	49419	14174	21804	103273	32855	154651	74540	69827	213208	152567	173679	367293	425262	536617	684413	866181	1284388	1611347	3502193	0
LFQ	63	0	0	92366	0	0	333	5807	15684	36686	1919	499	2382	5499	26156	8086	1406	3117	5442	19782	17460	17654	16700	55634	45624	13275	23368	109643	31438	155741	80703	71569	219337	162135	169299	386904	475484	581163	732070	851059	1367087	1552058	3294517	0
LFQ	64	0	0	97751	0	0	384	5551	15716	35630	1164	490	2747	5607	26602	7235	1148	3118	5461	20509	16104	18821	17623	58736	41081	12980	23411	115403	28682	156403	84885	76422	223893	168845	168417	404340	532455	624901	797774	822145	1445724	1477902	3109026	0
LFQ	65	0	0	103231	0	0	372	5825	16699	37189	717	589	2934	5413	27187	6919	912	3209	5547	20938	16933	19874	18498	61070	38327	13124	25165	122155	27106	154356	92351	83600	227829	177990	167672	425467	599324	673657	873114	794149	1520592	1390932	2894120	0
LFQ	66	0	0	109139	0	0	391	5743	18222	37752	348	634	3409	5339	28423	6755	813	3426	5694	22937	16407	20724	19882	65697	34435	13482	26101	131186	25481	153965	100412	93866	231910	188617	171506	448300	668745	734812	951721	757744	1621071	1292042	2637955	0
LFQ	67	0	0	115336	0	0	422	5798	19060	38395	172	636	3782	5381	27937	6063	818	3303	6014	24379	16309	22192	20376	67999	30708	14364	27504	137778	24752	152401	107368	103269	236116	197731	177358	472173	746773	796722	1034806	721413	1691375	1194585	2403518	0
LFQ	68	0	0	121693	0	0	414	5785	18885	35248	75	726	4288	5125	27808	5760	755	3316	5903	25256	14783	23467	21406	69034	27318	15418	28272	143064	24285	149378	113788	113498	238978	207069	184870	498354	845922	856522	1124737	681507	1737152	1097820	2177407	0
LFQ	69	0	0	129010	0	0	468	5740	20649	35597	29	829	4825	5047	27928	5846	775	3589	6351	27570	14129	24111	22946	69552	24326	16660	29970	150860	24130	143745	123366	123333	239216	216618	194962	527868	949599	918778	1223063	631895	1789633	988185	1933888	0
LFQ	70	0	0	136594	0	0	499	5633	21656	33819	19	918	5358	4764	27575	5261	868	3531	6356	28276	13034	25986	23976	69574	21616	18529	30968	158090	24148	140217	132216	135630	243765	224462	210715	562409	1063724	988513	1326420	586846	1796581	880129	1696411	0
LFQ	71	0	0	144752	0	0	615	6062	24895	35007	11	996	5670	4636	27303	4965	926	3674	6929	31319	12587	27570	25124	70048	19900	20209	33687	166443	25828	134171	142983	144830	246030	232088	226560	599040	1193415	1060241	1415954	542588	1771869	778647	1467514	0
LFQ	72	0	0	153605	0	0	617	5726	24913	33218	7	1111	6439	4716	26714	4741	1020	3644	6979	32355	11223	29540	26316	68910	18667	21434	34482	174491	25905	130193	152382	156552	250847	240097	245655	640855	1338023	1128232	1502987	492076	1729839	677346	1253229	0
LFQ	73	0	0	163561	0	0	691	5893	27724	31951	11	1209	7155	4888	27519	4534	1188	3806	7097	35020	10486	31642	27611	67567	18139	22512	36829	182531	26901	124740	163781	166261	256737	252548	260767	690053	1490603	1200723	1563430	441834	1677293	574667	1045184	0
LFQ	74	0	0	173687	0	0	601	4979	25726	26920	6	1225	7437	4607	25205	4192	1238	3682	7324	34677	9328	33215	27999	63999	17309	23521	38010	186234	28245	116640	172702	172737	259481	259685	276608	738515	1653384	1272733	1627896	390931	1629458	478827	856123	0
LFQ	75	0	0	184746	0	0	615	4936	26421	24700	5	1270	7224	4231	22717	4100	1249	3606	7342	36390	8439	34470	28592	59617	17471	24330	40055	189066	32230	108203	182707	178933	265723	268468	293759	794605	1823772	1347823	1665414	343618	1546482	388579	683178	0
LFQ	76	0	0	196901	0	0	797	4984	29156	23547	0	1466	7537	4470	21797	3914	1534	3510	7656	38244	7927	36525	30419	56777	17966	25659	42682	197291	33562	101822	196492	183951	275413	280546	311265	850528	1987330	1418162	1687262	298023	1447492	302896	519583	0
LFQ	77	0	0	210625	0	0	849	4810	31511	22477	6	1693	8081	4431	20703	3896	1667	3668	8112	39211	7712	39988	31362	52485	18859	26469	46428	200875	35898	95466	206984	188812	283147	288719	328472	909393	2175777	1472570	1679128	253961	1328799	232903	389139	0
LFQ	78	0	0	225279	0	0	851	5059	32997	20640	5	1978	8914	4741	19656	3930	1822	3723	8296	40365	7428	42879	30904	48343	19770	28244	49400	204368	38466	90018	215527	193580	291330	297719	344970	971286	2395342	1500549	1640201	213348	1200059	171475	281624	0
LFQ	79	0	0	241618	0	0	902	4576	33383	18233	4	2096	9081	4881	18145	3621	1918	3820	8490	41519	7136	45820	31161	44163	20714	29167	53361	209027	40277	84454	226938	196258	302623	306821	359866	1036506	2588899	1543822	1605075	176162	1039392	120449	194708	0
LFQ	80	0	0	259988	0	0	942	4243	34657	16271	3	2150	8808	4970	15955	3630	2147	3905	8593	42343	7317	48593	30372	39745	21811	30533	56916	210605	43107	78451	235959	199648	315013	315941	378854	1097092	2806694	1559269	1536617	141669	881491	82004	128780	0
LFQ	81	0	0	280585	0	0	1177	4655	38902	15254	3	2367	9471	5242	14981	3641	2466	4004	9085	43966	7311	52010	30753	35330	23523	32362	61519	211579	45871	72449	247586	200079	324972	325965	393051	1159738	3023986	1548449	1454408	111933	719357	54475	82581	0
LFQ	82	0	0	303261	0	0	1188	4047	36844	12306	4	2763	10279	5469	14046	3470	2603	4038	9416	43874	7793	56210	29730	31457	25233	33892	66903	210005	48753	69405	254170	203013	338139	335319	408045	1221490	3237291	1527784	1361034	84178	570915	32447	48272	0
LFQ	83	0	0	329159	0	0	1141	3829	36615	10555	5	2882	9560	5362	11516	3377	2839	4086	9689	44763	7984	58406	28381	27148	26695	36082	72348	208237	52098	65436	262043	205202	346998	346886	424673	1283623	3426708	1519399	1232675	63579	438013	19196	27898	0
LFQ	84	0	0	358727	0	0	1231	3364	34901	8237	7	2881	9121	5164	9432	3171	3119	3898	9822	43142	8630	59595	26424	22511	27083	36901	76300	201225	55775	62210	267221	205995	358092	355519	442662	1340302	3629146	1493327	1097699	45823	320481	10774	15174	0
LFQ	85	0	0	393873	0	0	1080	2985	32920	6398	5	2933	8442	4768	7521	2948	3211	4018	10010	41865	9088	60668	24411	18379	29212	37629	81623	190983	59278	57524	270195	205445	366179	363237	451464	1393967	3823541	1458445	953788	32052	231672	5560	7769	0
LFQ	86	0	0	436290	0	0	1035	2608	30326	5024	3	2757	7512	4225	5868	2681	3247	3687	10002	41094	9500	60146	22010	15152	29545	39048	88139	179723	62809	54384	274301	204850	372225	374145	457178	1458020	4005776	1403512	801741	22770	157031	2838	3884	0
LFQ	87	0	0	488580	0	0	838	1949	26084	3443	1	2505	6495	3748	4210	2135	3187	3782	9798	40959	10147	60403	19747	12096	30206	40242	93249	170414	67397	50266	276986	206261	381877	384387	463775	1517694	4142460	1343710	664448	15044	103914	1207	1442	0
LFQ	88	0	0	552203	0	0	622	1238	19275	2161	2	2012	5002	2801	2727	1639	3424	3617	9397	40002	10415	60359	17287	9991	30503	41345	100514	158751	70358	47188	283824	206234	389837	396285	469618	1571341	4275280	1264074	531743	9132	63922	455	508	0
LFQ	89	0	0	619992	0	0	195	364	7006	826	5	984	2135	1241	1117	790	3259	3605	9113	37760	10808	55406	14135	7526	30154	40898	104376	143352	73296	44087	283811	206953	394958	405256	477991	1619099	4403399	1194714	415250	5269	35593	178	185	0
LFQ	90	0	0	697290	0	0	0	1	10	61	0	0	4	38	42	75	3155	3878	8721	37950	9705	49534	11618	5945	29691	41638	102483	125744	76165	40923	276375	208288	398224	412447	489698	1653835	4518323	1115012	315903	2835	19360	52	63	0
# GC Content of first fragments. Use `grep ^GCF | cut -f 2-` to extract this part.
GCF	0.50	29
GCF	1.51	13
GCF	2.51	18
GCF	3.52	19
GCF	4.77	27
GCF	6.03	36
GCF	7.04	34
GCF	8.04	33
GCF	9.05	39
GCF	10.30	73
GCF	11.56	90
GCF	12.56	149
GCF	13.57	202
GCF	14.57	324
GCF	15.83	621
GCF	17.09	641
GCF	18.09	812
GCF	19.10	1282
GCF	20.35	2074
GCF	21.61	4225
GCF	22.61	7060
GCF	23.62	13580
GCF	24.62	13117
GCF	25.88	18158
GCF	27.14	28532
GCF	28.14	43163
GCF	29.15	71461
GCF	30.15	102302
GCF	31.41	142029
GCF	32.66	196695
GCF	33.67	278833
GCF	34.67	362113
GCF	35.68	485904
GCF	36.93	602651
GCF	38.19	720560
GCF	39.20	777024
GCF	40.20	852841
GCF	41.46	864890
GCF	42.71	866415
GCF	43.72	800151
GCF	44.72	715832
GCF	45.73	595440
GCF	46.98	541484
GCF	48.24	426053
GCF	49.25	295885
GCF	50.25	235528
GCF	51.26	177180
GCF	52.51	123441
GCF	53.77	87647
GCF	54.77	67394
GCF	55.78	39373
GCF	56.78	31406
GCF	58.04	20690
GCF	59.30	14605
GCF	60.30	9411
GCF	61.31	5848
GCF	62.56	3764
GCF	63.82	2109
GCF	64.82	1457
GCF	65.83	585
GCF	66.83	408
GCF	68.09	492
GCF	69.35	276
GCF	70.35	141
GCF	71.36	109
GCF	72.36	69
GCF	73.62	64
GCF	74.87	54
GCF	75.88	33
GCF	76.88	24
GCF	77.89	15
GCF	79.15	14
GCF	80.40	12
GCF	81.41	14
GCF	82.41	3
GCF	84.17	2
GCF	86.43	1
# GC Content of last fragments. Use `grep ^GCL | cut -f 2-` to extract this part.
GCL	0.50	3
GCL	1.51	6
GCL	2.51	2
GCL	3.52	8
GCL	4.77	13
GCL	6.03	43
GCL	7.04	57
GCL	8.04	54
GCL	9.05	58
GCL	10.30	79
GCL	11.56	132
GCL	12.56	200
GCL	13.57	265
GCL	14.57	347
GCL	15.83	520
GCL	17.09	644
GCL	18.09	925
GCL	19.10	1678
GCL	20.35	2188
GCL	21.61	3628
GCL	22.61	4643
GCL	23.62	7187
GCL	24.62	13198
GCL	25.88	20873
GCL	27.14	33662
GCL	28.14	57795
GCL	29.15	88753
GCL	30.15	135995
GCL	31.41	209785
GCL	32.66	295263
GCL	33.67	404008
GCL	34.67	516417
GCL	35.68	627177
GCL	36.93	716362
GCL	38.19	808725
GCL	39.20	888344
GCL	40.20	910968
GCL	41.46	900090
GCL	42.71	815586
GCL	43.72	721681
GCL	44.72	596973
GCL	45.73	496679
GCL	46.98	398201
GCL	48.24	289603
GCL	49.25	217414
GCL	50.25	160668
GCL	51.26	103859
GCL	52.51	66505
GCL	53.77	45562
GCL	54.77	30497
GCL	55.78	20051
GCL	56.78	13395
GCL	58.04	9523
GCL	59.30	6651
GCL	60.30	4778
GCL	61.31	2731
GCL	62.56	1551
GCL	63.82	1054
GCL	64.82	747
GCL	65.83	467
GCL	66.83	255
GCL	68.09	188
GCL	69.35	107
GCL	70.35	141
GCL	71.36	77
GCL	72.36	25
GCL	73.62	9
GCL	74.87	4
GCL	75.88	2
GCL	77.39	0
GCL	79.15	3
GCL	80.90	1
GCL	82.41	0
GCL	83.67	1
GCL	85.93	0
GCL	87.94	1
# ACGT content per cycle. Use `grep ^GCC | cut -f 2-` to extract this part. The columns are: cycle; A,C,G,T base counts as a percentage of all A/C/G/T bases [%]; and N and O counts as a percentage of all A/C/G/T bases [%]
GCC	1	13.33	37.09	36.43	13.14	0.08	0.00
GCC	2	23.16	27.15	27.02	22.67	0.00	0.00
GCC	3	22.97	27.38	26.95	22.69	0.00	0.00
GCC	4	23.78	26.54	26.07	23.60	0.00	0.00
GCC	5	27.79	22.56	22.27	27.38	0.00	0.00
GCC	6	30.66	19.49	19.28	30.58	0.00	0.00
GCC	7	34.20	16.01	15.90	33.89	0.00	0.00
GCC	8	30.75	19.18	19.44	30.62	0.00	0.00
GCC	9	29.17	20.78	21.29	28.76	0.00	0.00
GCC	10	33.48	16.53	16.69	33.30	0.00	0.00
GCC	11	29.14	20.64	21.12	29.11	0.00	0.00
GCC	12	29.24	20.81	20.92	29.04	0.00	0.00
GCC	13	31.25	18.80	18.57	31.38	0.00	0.00
GCC	14	30.70	19.26	19.32	30.71	0.00	0.00
GCC	15	30.46	19.71	19.59	30.24	0.00	0.00
GCC	16	30.33	19.63	19.70	30.34	0.00	0.00
GCC	17	29.89	19.77	19.98	30.36	0.00	0.00
GCC	18	30.26	19.74	19.64	30.36	0.00	0.00
GCC	19	30.16	19.85	19.41	30.58	0.00	0.00
GCC	20	29.79	19.98	20.03	30.20	0.00	0.00
GCC	21	30.09	19.76	19.89	30.25	0.00	0.00
GCC	22	30.05	19.71	19.85	30.39	0.00	0.00
GCC	23	30.02	19.92	20.06	29.99	0.00	0.00
GCC	24	30.11	19.87	19.76	30.26	0.00	0.00
GCC	25	30.24	19.81	19.85	30.09	0.00	0.00
GCC	26	30.26	19.84	20.05	29.86	0.00	0.00
GCC	27	30.36	19.89	19.80	29.95	0.00	0.00
GCC	28	30.44	20.07	19.69	29.79	0.00	0.00
GCC	29	29.91	20.00	20.08	30.01	0.00	0.00
GCC	30	30.05	20.04	19.75	30.17	0.00	0.00
GCC	31	29.98	20.16	19.71	30.15	0.00	0.00
GCC	32	30.14	19.86	19.89	30.10	0.00	0.00
GCC	33	30.10	20.23	20.05	29.62	0.00	0.00
GCC	34	30.25	19.94	19.81	30.00	0.00	0.00
GCC	35	29.91	20.16	20.20	29.73	0.00	0.00
GCC	36	30.05	20.12	20.09	29.73	0.00	0.00
GCC	37	30.25	20.05	19.84	29.85	0.00	0.00
GCC	38	29.99	20.29	19.87	29.85	0.00	0.00
GCC	39	30.14	20.22	19.82	29.82	0.00	0.00
GCC	40	30.22	19.97	19.59	30.23	0.00	0.00
GCC	41	29.76	20.19	20.18	29.88	0.00	0.00
GCC	42	30.11	20.08	20.01	29.81	0.00	0.00
GCC	43	29.97	20.07	20.07	29.89	0.00	0.00
GCC	44	30.01	20.10	19.98	29.91	0.00	0.00
GCC	45	30.21	20.08	20.00	29.71	0.00	0.00
GCC	46	30.21	20.13	19.97	29.70	0.00	0.00
GCC	47	30.12	20.02	20.09	29.77	0.00	0.00
GCC	48	30.07	20.14	20.16	29.63	0.00	0.00
GCC	49	30.22	20.12	19.95	29.71	0.01	0.00
GCC	50	30.00	20.01	20.35	29.64	0.01	0.00
GCC	51	29.90	20.33	20.23	29.55	0.02	0.00
GCC	52	30.01	20.25	20.09	29.65	0.01	0.00
GCC	53	30.13	20.17	20.24	29.46	0.00	0.00
GCC	54	29.95	20.05	20.12	29.88	0.01	0.00
GCC	55	29.83	20.15	20.01	30.02	0.00	0.00
GCC	56	29.93	20.27	20.29	29.51	0.02	0.00
GCC	57	30.18	19.91	20.18	29.73	0.01	0.00
GCC	58	30.13	20.06	20.16	29.65	0.02	0.00
GCC	59	29.91	20.12	20.09	29.88	0.02	0.00
GCC	60	29.96	20.13	20.12	29.80	0.02	0.00
GCC	61	30.00	19.93	20.19	29.88	0.00	0.00
GCC	62	29.99	20.11	20.14	29.76	0.01	0.00
GCC	63	30.19	20.08	20.17	29.57	0.00	0.00
GCC	64	30.33	20.00	19.91	29.76	0.02	0.00
GCC	65	30.30	20.00	19.93	29.77	0.00	0.00
GCC	66	29.73	20.18	20.00	30.10	0.00	0.00
GCC	67	30.24	20.05	19.81	29.90	0.00	0.00
GCC	68	30.11	20.14	20.11	29.64	0.00	0.00
GCC	69	29.86	20.26	20.05	29.83	0.01	0.00
GCC	70	30.11	20.07	20.14	29.67	0.02	0.00
GCC	71	30.12	20.12	20.10	29.67	0.02	0.00
GCC	72	30.14	20.39	19.65	29.83	0.01	0.00
GCC	73	30.14	20.25	19.67	29.94	0.00	0.00
GCC	74	29.93	20.31	20.12	29.65	0.00	0.00
GCC	75	30.12	20.06	19.94	29.88	0.00	0.00
GCC	76	30.01	19.95	20.07	29.98	0.00	0.00
GCC	77	29.86	20.11	20.33	29.70	0.01	0.00
GCC	78	30.11	19.90	20.16	29.83	0.00	0.00
GCC	79	30.28	19.88	19.90	29.94	0.00	0.00
GCC	80	29.88	20.12	20.17	29.83	0.00	0.00
GCC	81	29.71	20.23	19.96	30.11	0.00	0.00
GCC	82	29.95	20.11	19.97	29.96	0.00	0.00
GCC	83	30.17	20.15	20.08	29.61	0.00	0.00
GCC	84	29.86	20.51	19.93	29.70	0.00	0.00
GCC	85	29.80	20.41	19.98	29.80	0.00	0.00
GCC	86	29.91	20.07	20.28	29.73	0.00	0.00
GCC	87	29.94	20.15	20.16	29.75	0.00	0.00
GCC	88	30.20	19.93	20.16	29.72	0.00	0.00
GCC	89	30.14	19.80	20.14	29.91	0.00	0.00
GCC	90	30.10	19.86	20.23	29.81	0.00	0.00
# ACGT content per cycle, read oriented. Use `grep ^GCT | cut -f 2-` to extract this part. The columns are: cycle; A,C,G,T base counts as a percentage of all A/C/G/T bases [%]
GCT	1	13.92	31.24	42.28	12.55
GCT	2	20.74	16.88	37.28	25.09
GCT	3	21.67	25.32	29.02	24.00
GCT	4	24.01	20.20	32.41	23.38
GCT	5	29.99	15.55	29.28	25.18
GCT	6	34.73	17.60	21.17	26.50
GCT	7	25.87	16.36	15.54	42.22
GCT	8	25.61	20.03	18.60	35.77
GCT	9	22.78	21.86	20.21	35.15
GCT	10	36.88	14.92	18.29	29.90
GCT	11	32.54	19.46	22.29	25.70
GCT	12	28.15	21.66	20.07	30.12
GCT	13	30.72	18.55	18.82	31.91
GCT	14	30.61	18.54	20.05	30.80
GCT	15	29.92	19.91	19.39	30.78
GCT	16	30.09	19.34	19.99	30.58
GCT	17	30.03	19.06	20.69	30.22
GCT	18	30.03	19.71	19.67	30.59
GCT	19	30.13	19.37	19.89	30.60
GCT	20	30.16	19.23	20.78	29.84
GCT	21	30.09	19.89	19.77	30.26
GCT	22	30.39	19.59	19.96	30.06
GCT	23	30.19	19.45	20.53	29.83
GCT	24	30.20	20.00	19.63	30.17
GCT	25	30.38	19.83	19.84	29.95
GCT	26	30.56	19.59	20.30	29.56
GCT	27	30.34	20.37	19.32	29.97
GCT	28	30.20	20.00	19.76	30.03
GCT	29	30.04	19.58	20.50	29.88
GCT	30	30.22	20.18	19.60	29.99
GCT	31	30.21	19.99	19.88	29.92
GCT	32	30.40	19.42	20.33	29.84
GCT	33	30.07	20.55	19.73	29.65
GCT	34	30.45	19.99	19.76	29.80
GCT	35	29.94	19.85	20.51	29.71
GCT	36	30.00	20.54	19.67	29.79
GCT	37	30.06	20.12	19.77	30.05
GCT	38	30.07	19.74	20.42	29.77
GCT	39	29.80	20.34	19.70	30.16
GCT	40	30.14	19.79	19.76	30.30
GCT	41	29.82	19.75	20.62	29.82
GCT	42	29.63	20.44	19.64	30.29
GCT	43	29.57	20.09	20.05	30.29
GCT	44	29.98	19.62	20.46	29.95
GCT	45	30.05	20.34	19.75	29.87
GCT	46	30.23	20.09	20.01	29.68
GCT	47	30.31	19.82	20.29	29.59
GCT	48	29.94	20.55	19.75	29.76
GCT	49	30.01	20.31	19.76	29.92
GCT	50	29.82	20.08	20.28	29.82
GCT	51	29.48	20.57	19.98	29.97
GCT	52	29.64	20.07	20.27	30.02
GCT	53	29.84	20.03	20.38	29.76
GCT	54	29.81	20.52	19.65	30.02
GCT	55	29.86	20.11	20.04	29.98
GCT	56	29.77	19.90	20.66	29.67
GCT	57	29.90	20.68	19.41	30.02
GCT	58	29.63	20.12	20.11	30.14
GCT	59	29.78	19.90	20.32	30.01
GCT	60	29.89	20.48	19.77	29.87
GCT	61	29.79	19.99	20.13	30.09
GCT	62	29.93	19.70	20.55	29.82
GCT	63	29.99	20.44	19.80	29.76
GCT	64	30.18	19.90	20.00	29.92
GCT	65	30.11	19.93	20.00	29.96
GCT	66	29.77	20.58	19.59	30.05
GCT	67	29.93	20.06	19.80	30.21
GCT	68	29.96	19.89	20.36	29.79
GCT	69	29.78	20.68	19.62	29.91
GCT	70	29.92	20.25	19.96	29.87
GCT	71	30.01	19.93	20.28	29.78
GCT	72	29.79	20.70	19.34	30.17
GCT	73	29.88	20.19	19.73	30.20
GCT	74	29.52	20.03	20.39	30.05
GCT	75	29.85	20.26	19.74	30.15
GCT	76	29.91	20.01	20.01	30.07
GCT	77	29.89	20.04	20.40	29.68
GCT	78	30.02	20.43	19.63	29.92
GCT	79	30.12	19.93	19.85	30.10
GCT	80	29.90	19.93	20.37	29.80
GCT	81	29.88	20.48	19.70	29.93
GCT	82	30.08	20.00	20.08	29.84
GCT	83	29.94	19.86	20.36	29.84
GCT	84	29.69	20.59	19.84	29.87
GCT	85	29.53	20.36	20.04	30.07
GCT	86	29.77	19.89	20.47	29.88
GCT	87	29.69	20.47	19.84	29.99
GCT	88	29.79	20.21	19.88	30.13
GCT	89	30.01	19.73	20.21	30.04
GCT	90	29.98	20.20	19.89	29.92
# ACGT content per cycle for first fragments. Use `grep ^FBC | cut -f 2-` to extract this part. The columns are: cycle; A,C,G,T base counts as a percentage of all A/C/G/T bases [%]; and N and O counts as a percentage of all A/C/G/T bases [%]
FBC	1	7.86	42.85	41.59	7.71	0.17	0.00
FBC	2	16.69	33.94	33.21	16.15	0.00	0.00
FBC	3	13.90	36.57	36.13	13.40	0.00	0.00
FBC	4	16.59	33.73	33.25	16.42	0.00	0.00
FBC	5	23.39	27.15	26.33	23.13	0.00	0.00
FBC	6	27.54	22.85	22.45	27.16	0.00	0.00
FBC	7	36.65	13.98	13.90	35.47	0.00	0.00
FBC	8	32.17	18.10	18.27	31.46	0.00	0.00
FBC	9	30.44	19.81	20.50	29.25	0.00	0.00
FBC	10	33.75	16.15	16.41	33.69	0.00	0.00
FBC	11	29.73	20.05	20.70	29.52	0.00	0.00
FBC	12	29.58	20.11	20.66	29.65	0.00	0.00
FBC	13	31.33	18.63	18.50	31.53	0.00	0.00
FBC	14	30.87	19.27	19.19	30.67	0.00	0.00
FBC	15	30.64	19.35	19.65	30.35	0.00	0.00
FBC	16	30.60	19.38	19.65	30.37	0.00	0.00
FBC	17	30.07	19.56	20.01	30.36	0.00	0.00
FBC	18	30.04	19.72	19.76	30.47	0.00	0.00
FBC	19	30.30	19.65	19.24	30.81	0.00	0.00
FBC	20	29.84	20.00	20.13	30.03	0.00	0.00
FBC	21	29.87	19.91	19.99	30.23	0.00	0.00
FBC	22	30.05	19.86	19.73	30.36	0.00	0.00
FBC	23	30.19	20.01	20.02	29.78	0.00	0.00
FBC	24	30.07	19.97	20.01	29.95	0.00	0.00
FBC	25	30.33	19.94	19.88	29.85	0.00	0.00
FBC	26	30.45	19.94	20.06	29.54	0.00	0.00
FBC	27	30.48	20.00	20.03	29.49	0.00	0.00
FBC	28	30.72	20.21	19.49	29.58	0.00	0.00
FBC	29	30.02	20.18	19.74	30.06	0.00	0.00
FBC	30	30.10	20.00	19.83	30.06	0.00	0.00
FBC	31	30.14	20.01	19.68	30.17	0.00	0.00
FBC	32	30.30	19.94	19.78	29.98	0.00	0.00
FBC	33	30.29	20.32	20.25	29.13	0.00	0.00
FBC	34	30.58	19.87	19.79	29.76	0.00	0.00
FBC	35	30.14	20.17	20.32	29.36	0.00	0.00
FBC	36	30.14	20.38	20.23	29.25	0.00	0.00
FBC	37	30.21	20.19	19.90	29.70	0.00	0.00
FBC	38	30.07	20.38	19.75	29.81	0.00	0.00
FBC	39	30.01	20.39	19.99	29.61	0.00	0.00
FBC	40	30.38	19.90	19.38	30.34	0.00	0.00
FBC	41	29.98	20.11	20.07	29.84	0.00	0.00
FBC	42	30.05	19.85	20.34	29.76	0.00	0.00
FBC	43	29.88	19.94	20.00	30.18	0.00	0.00
FBC	44	29.88	20.08	19.86	30.19	0.00	0.00
FBC	45	30.19	19.92	20.35	29.55	0.00	0.00
FBC	46	30.44	20.07	19.97	29.52	0.00	0.00
FBC	47	30.43	20.01	20.01	29.55	0.00	0.00
FBC	48	30.12	20.16	20.18	29.54	0.00	0.00
FBC	49	30.37	20.10	19.74	29.79	0.02	0.00
FBC	50	29.82	20.15	20.45	29.58	0.02	0.00
FBC	51	29.87	20.22	20.34	29.58	0.03	0.00
FBC	52	30.08	20.18	19.94	29.80	0.01	0.00
FBC	53	30.02	20.22	20.25	29.51	0.00	0.00
FBC	54	29.91	19.95	20.31	29.83	0.00	0.00
FBC	55	29.77	20.05	19.98	30.20	0.01	0.00
FBC	56	29.90	20.29	20.12	29.69	0.04	0.00
FBC	57	30.23	19.79	20.20	29.78	0.02	0.00
FBC	58	30.11	19.90	20.21	29.78	0.03	0.00
FBC	59	29.93	20.06	20.00	30.01	0.04	0.00
FBC	60	29.75	19.96	20.38	29.91	0.03	0.00
FBC	61	29.82	19.81	20.31	30.06	0.01	0.00
FBC	62	30.24	19.80	20.13	29.82	0.03	0.00
FBC	63	30.22	19.96	20.34	29.47	0.00	0.00
FBC	64	30.27	20.02	19.86	29.85	0.04	0.00
FBC	65	30.53	19.79	19.53	30.15	0.00	0.00
FBC	66	29.58	19.83	20.08	30.51	0.00	0.00
FBC	67	30.42	20.00	19.63	29.96	0.00	0.00
FBC	68	30.05	20.17	19.89	29.88	0.00	0.00
FBC	69	29.74	20.22	20.21	29.84	0.02	0.00
FBC	70	30.45	19.94	20.07	29.54	0.03	0.00
FBC	71	30.33	20.00	20.11	29.57	0.03	0.00
FBC	72	29.95	20.63	19.67	29.75	0.02	0.00
FBC	73	30.33	19.99	19.51	30.17	0.00	0.00
FBC	74	29.76	20.10	20.05	30.09	0.00	0.00
FBC	75	30.00	20.06	19.80	30.14	0.00	0.00
FBC	76	29.85	19.81	20.15	30.19	0.00	0.00
FBC	77	29.92	20.03	20.40	29.65	0.01	0.00
FBC	78	30.36	19.72	20.36	29.56	0.00	0.00
FBC	79	30.48	19.68	19.79	30.04	0.00	0.00
FBC	80	29.70	20.15	20.00	30.15	0.00	0.00
FBC	81	29.64	19.99	20.11	30.26	0.00	0.00
FBC	82	29.78	20.18	20.03	30.01	0.00	0.00
FBC	83	29.87	20.30	19.98	29.85	0.00	0.00
FBC	84	29.60	20.73	20.00	29.67	0.00	0.00
FBC	85	29.80	20.52	19.74	29.94	0.00	0.00
FBC	86	29.79	20.28	20.11	29.82	0.00	0.00
FBC	87	29.67	20.36	20.48	29.50	0.00	0.00
FBC	88	30.35	19.96	20.11	29.58	0.00	0.00
FBC	89	30.43	19.61	19.98	29.98	0.00	0.00
FBC	90	30.08	19.63	20.37	29.93	0.00	0.00
# ACGT raw counters for first fragments. Use `grep ^FTC | cut -f 2-` to extract this part. The columns are: A,C,G,T,N base counters
FTC	282160006	198670312	198259998	279798200	69224
# ACGT content per cycle for last fragments. Use `grep ^LBC | cut -f 2-` to extract this part. The columns are: cycle; A,C,G,T base counts as a percentage of all A/C/G/T bases [%]; and N and O counts as a percentage of all A/C/G/T bases [%]
LBC	1	18.80	31.35	31.28	18.57	0.00	0.00
LBC	2	29.62	20.35	20.83	29.20	0.00	0.00
LBC	3	32.04	18.20	17.78	31.98	0.00	0.00
LBC	4	30.98	19.35	18.89	30.79	0.00	0.00
LBC	5	32.20	17.97	18.21	31.62	0.00	0.00
LBC	6	33.77	16.13	16.10	34.00	0.00	0.00
LBC	7	31.75	18.04	17.89	32.32	0.00	0.00
LBC	8	29.33	20.26	20.62	29.79	0.00	0.00
LBC	9	27.91	21.75	22.08	28.27	0.00	0.00
LBC	10	33.21	16.91	16.96	32.92	0.00	0.00
LBC	11	28.54	21.23	21.54	28.70	0.00	0.00
LBC	12	28.89	21.50	21.19	28.42	0.00	0.00
LBC	13	31.17	18.96	18.64	31.23	0.00	0.00
LBC	14	30.53	19.25	19.46	30.76	0.00	0.00
LBC	15	30.27	20.07	19.53	30.13	0.00	0.00
LBC	16	30.07	19.87	19.75	30.31	0.00	0.00
LBC	17	29.71	19.98	19.95	30.36	0.00	0.00
LBC	18	30.48	19.77	19.51	30.24	0.00	0.00
LBC	19	30.01	20.05	19.59	30.35	0.00	0.00
LBC	20	29.75	19.96	19.92	30.37	0.00	0.00
LBC	21	30.31	19.61	19.80	30.28	0.00	0.00
LBC	22	30.06	19.55	19.97	30.42	0.00	0.00
LBC	23	29.86	19.84	20.10	30.21	0.00	0.00
LBC	24	30.15	19.76	19.52	30.57	0.00	0.00
LBC	25	30.15	19.68	19.83	30.34	0.00	0.00
LBC	26	30.06	19.73	20.04	30.17	0.00	0.00
LBC	27	30.24	19.79	19.57	30.40	0.00	0.00
LBC	28	30.17	19.93	19.89	30.01	0.00	0.00
LBC	29	29.80	19.82	20.41	29.97	0.00	0.00
LBC	30	30.00	20.07	19.66	30.27	0.00	0.00
LBC	31	29.81	20.31	19.74	30.14	0.00	0.00
LBC	32	29.98	19.79	20.00	30.23	0.00	0.00
LBC	33	29.91	20.15	19.84	30.11	0.00	0.00
LBC	34	29.93	20.01	19.82	30.24	0.00	0.00
LBC	35	29.69	20.14	20.07	30.11	0.00	0.00
LBC	36	29.96	19.87	19.96	30.22	0.00	0.00
LBC	37	30.29	19.91	19.79	30.01	0.00	0.00
LBC	38	29.92	20.20	20.00	29.88	0.00	0.00
LBC	39	30.27	20.04	19.66	30.03	0.00	0.00
LBC	40	30.06	20.03	19.79	30.12	0.00	0.00
LBC	41	29.54	20.26	20.29	29.92	0.00	0.00
LBC	42	30.17	20.30	19.68	29.85	0.00	0.00
LBC	43	30.05	20.20	20.14	29.60	0.00	0.00
LBC	44	30.15	20.12	20.09	29.64	0.00	0.00
LBC	45	30.23	20.23	19.66	29.88	0.00	0.00
LBC	46	29.97	20.18	19.97	29.87	0.00	0.00
LBC	47	29.81	20.03	20.17	29.99	0.00	0.00
LBC	48	30.02	20.13	20.14	29.72	0.00	0.00
LBC	49	30.07	20.14	20.16	29.63	0.00	0.00
LBC	50	30.18	19.88	20.25	29.70	0.00	0.00
LBC	51	29.93	20.43	20.11	29.53	0.00	0.00
LBC	52	29.94	20.32	20.24	29.50	0.01	0.00
LBC	53	30.24	20.12	20.23	29.41	0.01	0.00
LBC	54	29.99	20.15	19.93	29.94	0.01	0.00
LBC	55	29.88	20.24	20.04	29.84	0.00	0.00
LBC	56	29.95	20.25	20.47	29.33	0.00	0.00
LBC	57	30.13	20.04	20.15	29.68	0.00	0.00
LBC	58	30.15	20.23	20.12	29.51	0.00	0.00
LBC	59	29.89	20.18	20.19	29.74	0.00	0.00
LBC	60	30.18	20.29	19.86	29.68	0.00	0.00
LBC	61	30.17	20.05	20.07	29.71	0.00	0.00
LBC	62	29.73	20.42	20.15	29.70	0.00	0.00
LBC	63	30.15	20.19	19.99	29.67	0.00	0.00
LBC	64	30.40	19.97	19.95	29.68	0.00	0.00
LBC	65	30.06	20.21	20.33	29.39	0.00	0.00
LBC	66	29.87	20.52	19.92	29.69	0.00	0.00
LBC	67	30.06	20.10	20.00	29.84	0.00	0.00
LBC	68	30.17	20.11	20.33	29.39	0.00	0.00
LBC	69	29.99	20.29	19.89	29.83	0.00	0.00
LBC	70	29.78	20.20	20.21	29.81	0.00	0.00
LBC	71	29.91	20.23	20.09	29.77	0.00	0.00
LBC	72	30.32	20.15	19.62	29.90	0.00	0.00
LBC	73	29.95	20.51	19.83	29.71	0.00	0.00
LBC	74	30.10	20.52	20.18	29.20	0.00	0.00
LBC	75	30.24	20.06	20.08	29.62	0.00	0.00
LBC	76	30.17	20.09	19.98	29.77	0.00	0.00
LBC	77	29.81	20.19	20.26	29.75	0.00	0.00
LBC	78	29.86	20.07	19.96	30.10	0.00	0.00
LBC	79	30.08	20.08	20.01	29.83	0.00	0.00
LBC	80	30.06	20.09	20.35	29.50	0.00	0.00
LBC	81	29.77	20.47	19.80	29.96	0.01	0.00
LBC	82	30.13	20.04	19.92	29.92	0.00	0.00
LBC	83	30.46	19.99	20.17	29.38	0.01	0.00
LBC	84	30.13	20.28	19.87	29.73	0.00	0.00
LBC	85	29.81	20.31	20.23	29.65	0.00	0.00
LBC	86	30.04	19.87	20.45	29.64	0.00	0.00
LBC	87	30.21	19.95	19.84	29.99	0.01	0.00
LBC	88	30.04	19.89	20.22	29.86	0.01	0.00
LBC	89	29.85	20.00	20.30	29.85	0.00	0.00
LBC	90	30.12	20.09	20.10	29.69	0.00	0.00
# ACGT raw counters for last fragments. Use `grep ^LTC | cut -f 2-` to extract this part. The columns are: A,C,G,T,N base counters
LTC	287843703	192625471	191913781	286565435	9350
# Insert sizes. Use `grep ^IS | cut -f 2-` to extract this part. The columns are: insert size, pairs total, inward oriented pairs, outward oriented pairs, other pairs
IS	0	0	0	0	0
IS	1	0	0	0	0
IS	2	0	0	0	0
IS	3	0	0	0	0
IS	4	0	0	0	0
IS	5	0	0	0	0
IS	6	0	0	0	0
IS	7	0	0	0	0
IS	8	0	0	0	0
IS	9	0	0	0	0
IS	10	0	0	0	0
IS	11	0	0	0	0
IS	12	0	0	0	0
IS	13	0	0	0	0
IS	14	0	0	0	0
IS	15	0	0	0	0
IS	16	0	0	0	0
IS	17	0	0	0	0
IS	18	0	0	0	0
IS	19	0	0	0	0
IS	20	0	0	0	0
IS	21	0	0	0	0
IS	22	0	0	0	0
IS	23	0	0	0	0
IS	24	0	0	0	0
IS	25	0	0	0	0
IS	26	0	0	0	0
IS	27	0	0	0	0
IS	28	0	0	0	0
IS	29	0	0	0	0
IS	30	0	0	0	0
IS	31	0	0	0	0
IS	32	0	0	0	0
IS	33	0	0	0	0
IS	34	0	0	0	0
IS	35	0	0	0	0
IS	36	0	0	0	0
IS	37	0	0	0	0
IS	38	0	0	0	0
IS	39	0	0	0	0
IS	40	0	0	0	0
IS	41	0	0	0	0
IS	42	0	0	0	0
IS	43	0	0	0	0
IS	44	1	1	0	0
IS	45	0	0	0	0
IS	46	0	0	0	0
IS	47	1	0	1	0
IS	48	0	0	0	0
IS	49	0	0	0	0
IS	50	1	1	0	0
IS	51	1	0	1	0
IS	52	2	1	1	0
IS	53	2	2	0	0
IS	54	2	2	0	0
IS	55	4	3	1	0
IS	56	5	2	3	0
IS	57	7	2	5	0
IS	58	2	2	0	0
IS	59	6	5	1	0
IS	60	9	7	2	0
IS	61	4	3	1	0
IS	62	8	5	3	0
IS	63	6	2	4	0
IS	64	9	6	3	0
IS	65	10	5	5	0
IS	66	11	8	3	0
IS	67	8	5	3	0
IS	68	17	14	3	0
IS	69	13	9	4	0
IS	70	10	5	5	0
IS	71	11	8	3	0
IS	72	13	9	4	0
IS	73	20	11	9	0
IS	74	16	14	2	0
IS	75	13	6	7	0
IS	76	21	13	8	0
IS	77	18	14	4	0
IS	78	37	27	10	0
IS	79	22	14	8	0
IS	80	63	34	29	0
IS	81	185	87	98	0
IS	82	173	88	85	0
IS	83	166	84	82	0
IS	84	177	97	80	0
IS	85	208	111	97	0
IS	86	209	111	98	0
IS	87	208	123	85	0
IS	88	234	142	92	0
IS	89	267	148	119	0
IS	90	766	499	267	0
IS	91	818	818	0	0
IS	92	818	818	0	0
IS	93	817	816	1	0
IS	94	854	854	0	0
IS	95	805	805	0	0
IS	96	877	877	0	0
IS	97	883	883	0	0
IS	98	821	821	0	0
IS	99	849	849	0	0
IS	100	847	847	0	0
IS	101	837	837	0	0
IS	102	822	822	0	0
IS	103	882	882	0	0
IS	104	853	853	0	0
IS	105	849	849	0	0
IS	106	827	827	0	0
IS	107	817	817	0	0
IS	108	854	854	0	0
IS	109	815	814	1	0
IS	110	759	759	0	0
IS	111	743	743	0	0
IS	112	789	789	0	0
IS	113	704	704	0	0
IS	114	734	734	0	0
IS	115	709	709	0	0
IS	116	684	684	0	0
IS	117	733	733	0	0
IS	118	734	734	0	0
IS	119	691	691	0	0
IS	120	630	630	0	0
IS	121	649	649	0	0
IS	122	654	654	0	0
IS	123	610	610	0	0
IS	124	671	671	0	0
IS	125	677	677	0	0
IS	126	568	568	0	0
IS	127	653	653	0	0
IS	128	684	684	0	0
IS	129	626	625	1	0
IS	130	626	626	0	0
IS	131	678	678	0	0
IS	132	649	649	0	0
IS	133	649	649	0	0
IS	134	648	648	0	0
IS	135	643	642	1	0
IS	136	791	791	0	0
IS	137	719	719	0	0
IS	138	725	725	0	0
IS	139	842	842	0	0
IS	140	789	789	0	0
IS	141	795	795	0	0
IS	142	845	844	1	0
IS	143	855	855	0	0
IS	144	859	859	0	0
IS	145	885	883	2	0
IS	146	922	921	1	0
IS	147	982	981	1	0
IS	148	982	980	2	0
IS	149	1070	1066	4	0
IS	150	1058	1057	1	0
IS	151	1162	1162	0	0
IS	152	1251	1251	0	0
IS	153	1325	1325	0	0
IS	154	1343	1342	1	0
IS	155	1342	1341	1	0
IS	156	1409	1409	0	0
IS	157	1453	1453	0	0
IS	158	1419	1419	0	0
IS	159	1629	1629	0	0
IS	160	1625	1625	0	0
IS	161	1705	1705	0	0
IS	162	1855	1855	0	0
IS	163	1872	1872	0	0
IS	164	1965	1965	0	0
IS	165	2044	2044	0	0
IS	166	2186	2186	0	0
IS	167	2223	2223	0	0
IS	168	2266	2266	0	0
IS	169	2492	2492	0	0
IS	170	2742	2742	0	0
IS	171	3028	3028	0	0
IS	172	3304	3304	0	0
IS	173	3981	3980	1	0
IS	174	3917	3917	0	0
IS	175	4792	4792	0	0
IS	176	5295	5293	2	0
IS	177	5094	5094	0	0
IS	178	5338	5338	0	0
IS	179	5362	5362	0	0
IS	180	5893	5893	0	0
IS	181	6589	6589	0	0
IS	182	7445	7445	0	0
IS	183	8294	8294	0	0
IS	184	9757	9757	0	0
IS	185	11620	11619	1	0
IS	186	13450	13450	0	0
IS	187	16616	16616	0	0
IS	188	20345	20345	0	0
IS	189	24865	24865	0	0
IS	190	31310	31310	0	0
IS	191	38383	38383	0	0
IS	192	48700	48700	0	0
IS	193	60518	60518	0	0
IS	194	72828	72828	0	0
IS	195	91478	91478	0	0
IS	196	106101	106101	0	0
IS	197	125550	125550	0	0
IS	198	145256	145256	0	0
IS	199	165336	165336	0	0
IS	200	187833	187833	0	0
IS	201	210534	210534	0	0
IS	202	233702	233702	0	0
IS	203	242379	242378	1	0
IS	204	258278	258278	0	0
IS	205	272523	272523	0	0
IS	206	278257	278257	0	0
IS	207	284526	284526	0	0
IS	208	287280	287280	0	0
IS	209	288936	288936	0	0
IS	210	296688	296688	0	0
IS	211	294194	294194	0	0
IS	212	293386	293386	0	0
IS	213	293962	293960	2	0
IS	214	295125	295125	0	0
IS	215	294366	294366	0	0
IS	216	292126	292126	0	0
IS	217	296277	296277	0	0
IS	218	292649	292649	0	0
IS	219	283652	283652	0	0
IS	220	280498	280498	0	0
IS	221	280545	280545	0	0
IS	222	272130	272130	0	0
IS	223	265655	265655	0	0
IS	224	256030	256030	0	0
IS	225	248895	248895	0	0
IS	226	238022	238022	0	0
IS	227	224403	224403	0	0
IS	228	216860	216860	0	0
IS	229	206009	206009	0	0
IS	230	188536	188536	0	0
IS	231	169760	169760	0	0
IS	232	154874	154874	0	0
IS	233	135820	135820	0	0
IS	234	121743	121743	0	0
IS	235	106834	106834	0	0
IS	236	92100	92100	0	0
IS	237	78376	78376	0	0
IS	238	66192	66191	1	0
IS	239	54459	54459	0	0
IS	240	45051	45051	0	0
IS	241	36395	36395	0	0
IS	242	28988	28988	0	0
IS	243	23531	23531	0	0
IS	244	18515	18515	0	0
IS	245	14491	14491	0	0
IS	246	11606	11606	0	0
IS	247	9084	9084	0	0
IS	248	7549	7549	0	0
IS	249	5573	5573	0	0
IS	250	4503	4502	1	0
IS	251	3628	3628	0	0
IS	252	2789	2789	0	0
IS	253	2286	2286	0	0
IS	254	1973	1973	0	0
IS	255	1543	1543	0	0
IS	256	1382	1382	0	0
IS	257	1100	1098	2	0
IS	258	1152	1152	0	0
IS	259	1422	1422	0	0
IS	260	1163	1163	0	0
IS	261	1199	1199	0	0
IS	262	1082	1082	0	0
IS	263	1619	1619	0	0
IS	264	1319	1319	0	0
IS	265	1443	1443	0	0
IS	266	1438	1438	0	0
IS	267	1449	1449	0	0
IS	268	1526	1526	0	0
IS	269	1706	1706	0	0
IS	270	1828	1828	0	0
IS	271	2017	2017	0	0
IS	272	2066	2066	0	0
IS	273	1843	1843	0	0
IS	274	1791	1791	0	0
IS	275	1814	1814	0	0
IS	276	1890	1890	0	0
IS	277	1719	1719	0	0
IS	278	1700	1700	0	0
IS	279	2022	2022	0	0
IS	280	2101	2101	0	0
IS	281	1710	1710	0	0
IS	282	1746	1746	0	0
IS	283	1700	1700	0	0
IS	284	1502	1502	0	0
IS	285	1797	1797	0	0
IS	286	2133	2133	0	0
IS	287	1744	1744	0	0
IS	288	1571	1571	0	0
IS	289	1433	1433	0	0
IS	290	1356	1356	0	0
IS	291	1451	1451	0	0
IS	292	1514	1514	0	0
IS	293	1913	1913	0	0
# Read lengths. Use `grep ^RL | cut -f 2-` to extract this part. The columns are: read length, count
RL	90	21310172
# Read lengths - first fragments. Use `grep ^FRL | cut -f 2-` to extract this part. The columns are: read length, count
FRL	90	10655086
# Read lengths - last fragments. Use `grep ^LRL | cut -f 2-` to extract this part. The columns are: read length, count
LRL	90	10655086
# Indel distribution. Use `grep ^ID | cut -f 2-` to extract this part. The columns are: length, number of insertions, number of deletions
ID	1	52891	31123
ID	2	5367	9429
ID	3	3244	5462
ID	4	196	1365
ID	5	32	746
ID	6	46	971
ID	7	7	67
ID	8	18	39
ID	9	98	140
ID	10	3	59
ID	11	3	20
ID	12	1	16
ID	13	0	1
ID	14	0	28
ID	15	0	7
ID	16	0	2
ID	18	0	2
ID	19	0	1
ID	20	0	2
# Indels per cycle. Use `grep ^IC | cut -f 2-` to extract this part. The columns are: cycle, number of insertions (fwd), .. (rev) , number of deletions (fwd), .. (rev)
IC	2	0	0	0	1
IC	4	0	0	1	0
IC	5	0	0	4	24
IC	6	36	8	19	22
IC	7	97	57	37	79
IC	8	125	132	70	126
IC	9	98	369	138	169
IC	10	122	276	116	219
IC	11	56	148	115	196
IC	12	73	181	160	280
IC	13	109	246	146	207
IC	14	112	284	178	241
IC	15	129	313	430	266
IC	16	138	387	244	314
IC	17	195	380	321	314
IC	18	162	487	245	305
IC	19	172	494	291	280
IC	20	232	596	254	346
IC	21	255	488	279	286
IC	22	329	487	289	342
IC	23	264	516	478	298
IC	24	309	469	331	326
IC	25	244	508	322	335
IC	26	237	564	402	335
IC	27	276	587	352	324
IC	28	238	452	485	311
IC	29	253	477	443	296
IC	30	235	420	419	366
IC	31	253	412	418	315
IC	32	385	507	418	367
IC	33	314	501	521	282
IC	34	374	439	457	362
IC	35	401	478	403	319
IC	36	385	491	339	386
IC	37	441	513	298	354
IC	38	557	526	422	446
IC	39	355	432	380	333
IC	40	440	513	491	357
IC	41	462	599	431	587
IC	42	346	487	434	323
IC	43	381	448	559	355
IC	44	346	479	542	365
IC	45	394	547	755	292
IC	46	586	454	389	348
IC	47	450	493	1045	339
IC	48	495	463	490	360
IC	49	722	475	365	318
IC	50	760	440	371	388
IC	51	398	445	351	389
IC	52	488	600	310	404
IC	53	442	455	457	326
IC	54	507	438	342	333
IC	55	445	468	290	364
IC	56	465	526	306	327
IC	57	604	565	336	319
IC	58	591	531	393	330
IC	59	502	665	389	310
IC	60	392	428	411	313
IC	61	472	680	370	307
IC	62	413	443	331	293
IC	63	386	652	340	362
IC	64	467	380	334	285
IC	65	538	477	390	277
IC	66	480	571	349	292
IC	67	557	466	345	272
IC	68	432	491	425	323
IC	69	608	559	356	281
IC	70	508	490	461	264
IC	71	600	471	376	266
IC	72	833	375	324	234
IC	73	471	516	297	232
IC	74	341	394	289	223
IC	75	297	406	232	224
IC	76	286	352	243	216
IC	77	274	327	233	218
IC	78	180	224	242	261
IC	79	207	270	215	214
IC	80	566	319	209	204
IC	81	173	292	176	189
IC	82	226	297	198	138
IC	83	336	259	92	73
IC	84	104	93	36	37
IC	85	17	5	24	3
IC	86	4	0	3	1
# Coverage distribution. Use `grep ^COV | cut -f 2-` to extract this part.
COV	[1-1]	1	527501
COV	[2-2]	2	354137
COV	[3-3]	3	265495
COV	[4-4]	4	217639
COV	[5-5]	5	185910
COV	[6-6]	6	162643
COV	[7-7]	7	148271
COV	[8-8]	8	138852
COV	[9-9]	9	129324
COV	[10-10]	10	122246
COV	[11-11]	11	115375
COV	[12-12]	12	111526
COV	[13-13]	13	110253
COV	[14-14]	14	104145
COV	[15-15]	15	101735
COV	[16-16]	16	101998
COV	[17-17]	17	98693
COV	[18-18]	18	96324
COV	[19-19]	19	94264
COV	[20-20]	20	93856
COV	[21-21]	21	90553
COV	[22-22]	22	87875
COV	[23-23]	23	88355
COV	[24-24]	24	85920
COV	[25-25]	25	84881
COV	[26-26]	26	82376
COV	[27-27]	27	82108
COV	[28-28]	28	80926
COV	[29-29]	29	79259
COV	[30-30]	30	79086
COV	[31-31]	31	77565
COV	[32-32]	32	76534
COV	[33-33]	33	75007
COV	[34-34]	34	74367
COV	[35-35]	35	72897
COV	[36-36]	36	71330
COV	[37-37]	37	70684
COV	[38-38]	38	69669
COV	[39-39]	39	68576
COV	[40-40]	40	67042
COV	[41-41]	41	66472
COV	[42-42]	42	65118
COV	[43-43]	43	64369
COV	[44-44]	44	63052
COV	[45-45]	45	61238
COV	[46-46]	46	61815
COV	[47-47]	47	60310
COV	[48-48]	48	59761
COV	[49-49]	49	58940
COV	[50-50]	50	58057
COV	[51-51]	51	57386
COV	[52-52]	52	56152
COV	[53-53]	53	55801
COV	[54-54]	54	54139
COV	[55-55]	55	54157
COV	[56-56]	56	52787
COV	[57-57]	57	51919
COV	[58-58]	58	51280
COV	[59-59]	59	49439
COV	[60-60]	60	50098
COV	[61-61]	61	49317
COV	[62-62]	62	47751
COV	[63-63]	63	47693
COV	[64-64]	64	47432
COV	[65-65]	65	46818
COV	[66-66]	66	46993
COV	[67-67]	67	46057
COV	[68-68]	68	44700
COV	[69-69]	69	44681
COV	[70-70]	70	43684
COV	[71-71]	71	43185
COV	[72-72]	72	42548
COV	[73-73]	73	42226
COV	[74-74]	74	41077
COV	[75-75]	75	41475
COV	[76-76]	76	41207
COV	[77-77]	77	40033
COV	[78-78]	78	39613
COV	[79-79]	79	40078
COV	[80-80]	80	38753
COV	[81-81]	81	37722
COV	[82-82]	82	37744
COV	[83-83]	83	37308
COV	[84-84]	84	36582
COV	[85-85]	85	36734
COV	[86-86]	86	36307
COV	[87-87]	87	35588
COV	[88-88]	88	34558
COV	[89-89]	89	35145
COV	[90-90]	90	34945
COV	[91-91]	91	34352
COV	[92-92]	92	33378
COV	[93-93]	93	32464
COV	[94-94]	94	32425
COV	[95-95]	95	32611
COV	[96-96]	96	32603
COV	[97-97]	97	31616
COV	[98-98]	98	31446
COV	[99-99]	99	31160
COV	[100-100]	100	31395
COV	[101-101]	101	30651
COV	[102-102]	102	30431
COV	[103-103]	103	29628
COV	[104-104]	104	29566
COV	[105-105]	105	29297
COV	[106-106]	106	28947
COV	[107-107]	107	27999
COV	[108-108]	108	28193
COV	[109-109]	109	27415
COV	[110-110]	110	27428
COV	[111-111]	111	27406
COV	[112-112]	112	27102
COV	[113-113]	113	27056
COV	[114-114]	114	26643
COV	[115-115]	115	25717
COV	[116-116]	116	26021
COV	[117-117]	117	26262
COV	[118-118]	118	25420
COV	[119-119]	119	25400
COV	[120-120]	120	24741
COV	[121-121]	121	24761
COV	[122-122]	122	24190
COV	[123-123]	123	24110
COV	[124-124]	124	24056
COV	[125-125]	125	24219
COV	[126-126]	126	23412
COV	[127-127]	127	22955
COV	[128-128]	128	22787
COV	[129-129]	129	22277
COV	[130-130]	130	22208
COV	[131-131]	131	21814
COV	[132-132]	132	21936
COV	[133-133]	133	22185
COV	[134-134]	134	21105
COV	[135-135]	135	21388
COV	[136-136]	136	21296
COV	[137-137]	137	20522
COV	[138-138]	138	20845
COV	[139-139]	139	20686
COV	[140-140]	140	20462
COV	[141-141]	141	19916
COV	[142-142]	142	19931
COV	[143-143]	143	19529
COV	[144-144]	144	19682
COV	[145-145]	145	19280
COV	[146-146]	146	19273
COV	[147-147]	147	19414
COV	[148-148]	148	19273
COV	[149-149]	149	18611
COV	[150-150]	150	18228
COV	[151-151]	151	17886
COV	[152-152]	152	18073
COV	[153-153]	153	17630
COV	[154-154]	154	17757
COV	[155-155]	155	17930
COV	[156-156]	156	17698
COV	[157-157]	157	17315
COV	[158-158]	158	17249
COV	[159-159]	159	17515
COV	[160-160]	160	17134
COV	[161-161]	161	16516
COV	[162-162]	162	16643
COV	[163-163]	163	16867
COV	[164-164]	164	16217
COV	[165-165]	165	15945
COV	[166-166]	166	15801
COV	[167-167]	167	16419
COV	[168-168]	168	15711
COV	[169-169]	169	15843
COV	[170-170]	170	15945
COV	[171-171]	171	15784
COV	[172-172]	172	15273
COV	[173-173]	173	15243
COV	[174-174]	174	15106
COV	[175-175]	175	15092
COV	[176-176]	176	15085
COV	[177-177]	177	14794
COV	[178-178]	178	14754
COV	[179-179]	179	14526
COV	[180-180]	180	14238
COV	[181-181]	181	14256
COV	[182-182]	182	13857
COV	[183-183]	183	13830
COV	[184-184]	184	13589
COV	[185-185]	185	13842
COV	[186-186]	186	13894
COV	[187-187]	187	13461
COV	[188-188]	188	13514
COV	[189-189]	189	13025
COV	[190-190]	190	13387
COV	[191-191]	191	12859
COV	[192-192]	192	12957
COV	[193-193]	193	12686
COV	[194-194]	194	12591
COV	[195-195]	195	12607
COV	[196-196]	196	12176
COV	[197-197]	197	12461
COV	[198-198]	198	12240
COV	[199-199]	199	12407
COV	[200-200]	200	12067
COV	[201-201]	201	12139
COV	[202-202]	202	11896
COV	[203-203]	203	11698
COV	[204-204]	204	11730
COV	[205-205]	205	11606
COV	[206-206]	206	11377
COV	[207-207]	207	11226
COV	[208-208]	208	11273
COV	[209-209]	209	10765
COV	[210-210]	210	10940
COV	[211-211]	211	10809
COV	[212-212]	212	10624
COV	[213-213]	213	10914
COV	[214-214]	214	10590
COV	[215-215]	215	10682
COV	[216-216]	216	10506
COV	[217-217]	217	10259
COV	[218-218]	218	10306
COV	[219-219]	219	10623
COV	[220-220]	220	9987
COV	[221-221]	221	10217
COV	[222-222]	222	10177
COV	[223-223]	223	10473
COV	[224-224]	224	9981
COV	[225-225]	225	10041
COV	[226-226]	226	9518
COV	[227-227]	227	10023
COV	[228-228]	228	9682
COV	[229-229]	229	9471
COV	[230-230]	230	9649
COV	[231-231]	231	9383
COV	[232-232]	232	9204
COV	[233-233]	233	9341
COV	[234-234]	234	8949
COV	[235-235]	235	9050
COV	[236-236]	236	9215
COV	[237-237]	237	8978
COV	[238-238]	238	8880
COV	[239-239]	239	9271
COV	[240-240]	240	9235
COV	[241-241]	241	8650
COV	[242-242]	242	8853
COV	[243-243]	243	8714
COV	[244-244]	244	8653
COV	[245-245]	245	8406
COV	[246-246]	246	8419
COV	[247-247]	247	8415
COV	[248-248]	248	8218
COV	[249-249]	249	8460
COV	[250-250]	250	8502
COV	[251-251]	251	8215
COV	[252-252]	252	8323
COV	[253-253]	253	8080
COV	[254-254]	254	7927
COV	[255-255]	255	8163
COV	[256-256]	256	8101
COV	[257-257]	257	7929
COV	[258-258]	258	7913
COV	[259-259]	259	7877
COV	[260-260]	260	7919
COV	[261-261]	261	7637
COV	[262-262]	262	7667
COV	[263-263]	263	7614
COV	[264-264]	264	7447
COV	[265-265]	265	7530
COV	[266-266]	266	7181
COV	[267-267]	267	7329
COV	[268-268]	268	7138
COV	[269-269]	269	7118
COV	[270-270]	270	6978
COV	[271-271]	271	7178
COV	[272-272]	272	6951
COV	[273-273]	273	7089
COV	[274-274]	274	6723
COV	[275-275]	275	6829
COV	[276-276]	276	6553
COV	[277-277]	277	6703
COV	[278-278]	278	6501
COV	[279-279]	279	6660
COV	[280-280]	280	6644
COV	[281-281]	281	6475
COV	[282-282]	282	6270
COV	[283-283]	283	6587
COV	[284-284]	284	6769
COV	[285-285]	285	6563
COV	[286-286]	286	6345
COV	[287-287]	287	6157
COV	[288-288]	288	6292
COV	[289-289]	289	6124
COV	[290-290]	290	6161
COV	[291-291]	291	6271
COV	[292-292]	292	6265
COV	[293-293]	293	6253
COV	[294-294]	294	6126
COV	[295-295]	295	6168
COV	[296-296]	296	6152
COV	[297-297]	297	6254
COV	[298-298]	298	6105
COV	[299-299]	299	6052
COV	[300-300]	300	5847
COV	[301-301]	301	5817
COV	[302-302]	302	6020
COV	[303-303]	303	5809
COV	[304-304]	304	5605
COV	[305-305]	305	5670
COV	[306-306]	306	5784
COV	[307-307]	307	5778
COV	[308-308]	308	5606
COV	[309-309]	309	5419
COV	[310-310]	310	5537
COV	[311-311]	311	5354
COV	[312-312]	312	5466
COV	[313-313]	313	5325
COV	[314-314]	314	5238
COV	[315-315]	315	5316
COV	[316-316]	316	5199
COV	[317-317]	317	5108
COV	[318-318]	318	5292
COV	[319-319]	319	5106
COV	[320-320]	320	4926
COV	[321-321]	321	4892
COV	[322-322]	322	4832
COV	[323-323]	323	4981
COV	[324-324]	324	4806
COV	[325-325]	325	4817
COV	[326-326]	326	4645
COV	[327-327]	327	4790
COV	[328-328]	328	4814
COV	[329-329]	329	4679
COV	[330-330]	330	4591
COV	[331-331]	331	4795
COV	[332-332]	332	4634
COV	[333-333]	333	4651
COV	[334-334]	334	4430
COV	[335-335]	335	4589
COV	[336-336]	336	4527
COV	[337-337]	337	4590
COV	[338-338]	338	4531
COV	[339-339]	339	4479
COV	[340-340]	340	4471
COV	[341-341]	341	4464
COV	[342-342]	342	4456
COV	[343-343]	343	4201
COV	[344-344]	344	4199
COV	[345-345]	345	4204
COV	[346-346]	346	4169
COV	[347-347]	347	4340
COV	[348-348]	348	4154
COV	[349-349]	349	4131
COV	[350-350]	350	4200
COV	[351-351]	351	4156
COV	[352-352]	352	4147
COV	[353-353]	353	4027
COV	[354-354]	354	3993
COV	[355-355]	355	4114
COV	[356-356]	356	4121
COV	[357-357]	357	3991
COV	[358-358]	358	3991
COV	[359-359]	359	3885
COV	[360-360]	360	3799
COV	[361-361]	361	3733
COV	[362-362]	362	3857
COV	[363-363]	363	3817
COV	[364-364]	364	3860
COV	[365-365]	365	3763
COV	[366-366]	366	3706
COV	[367-367]	367	3746
COV	[368-368]	368	3771
COV	[369-369]	369	3601
COV	[370-370]	370	3717
COV	[371-371]	371	3654
COV	[372-372]	372	3695
COV	[373-373]	373	3636
COV	[374-374]	374	3606
COV	[375-375]	375	3596
COV	[376-376]	376	3607
COV	[377-377]	377	3481
COV	[378-378]	378	3497
COV	[379-379]	379	3539
COV	[380-380]	380	3371
COV	[381-381]	381	3401
COV	[382-382]	382	3336
COV	[383-383]	383	3274
COV	[384-384]	384	3339
COV	[385-385]	385	3303
COV	[386-386]	386	3176
COV	[387-387]	387	3251
COV	[388-388]	388	3289
COV	[389-389]	389	3278
COV	[390-390]	390	3263
COV	[391-391]	391	3225
COV	[392-392]	392	3265
COV	[393-393]	393	3253
COV	[394-394]	394	3289
COV	[395-395]	395	3279
COV	[396-396]	396	3239
COV	[397-397]	397	3261
COV	[398-398]	398	3305
COV	[399-399]	399	3217
COV	[400-400]	400	3258
COV	[401-401]	401	3085
COV	[402-402]	402	2987
COV	[403-403]	403	2953
COV	[404-404]	404	2958
COV	[405-405]	405	3154
COV	[406-406]	406	2973
COV	[407-407]	407	2991
COV	[408-408]	408	3066
COV	[409-409]	409	2919
COV	[410-410]	410	2999
COV	[411-411]	411	2939
COV	[412-412]	412	2925
COV	[413-413]	413	2886
COV	[414-414]	414	2898
COV	[415-415]	415	3012
COV	[416-416]	416	3067
COV	[417-417]	417	2982
COV	[418-418]	418	2842
COV	[419-419]	419	2709
COV	[420-420]	420	2752
COV	[421-421]	421	2783
COV	[422-422]	422	2786
COV	[423-423]	423	2812
COV	[424-424]	424	2776
COV	[425-425]	425	2688
COV	[426-426]	426	2688
COV	[427-427]	427	2760
COV	[428-428]	428	2756
COV	[429-429]	429	2671
COV	[430-430]	430	2588
COV	[431-431]	431	2693
COV	[432-432]	432	2572
COV	[433-433]	433	2685
COV	[434-434]	434	2684
COV	[435-435]	435	2670
COV	[436-436]	436	2629
COV	[437-437]	437	2738
COV	[438-438]	438	2568
COV	[439-439]	439	2659
COV	[440-440]	440	2668
COV	[441-441]	441	2700
COV	[442-442]	442	2685
COV	[443-443]	443	2754
COV	[444-444]	444	2659
COV	[445-445]	445	2627
COV	[446-446]	446	2490
COV	[447-447]	447	2515
COV	[448-448]	448	2532
COV	[449-449]	449	2461
COV	[450-450]	450	2444
COV	[451-451]	451	2398
COV	[452-452]	452	2354
COV	[453-453]	453	2429
COV	[454-454]	454	2389
COV	[455-455]	455	2425
COV	[456-456]	456	2388
COV	[457-457]	457	2491
COV	[458-458]	458	2450
COV	[459-459]	459	2484
COV	[460-460]	460	2372
COV	[461-461]	461	2277
COV	[462-462]	462	2452
COV	[463-463]	463	2314
COV	[464-464]	464	2346
COV	[465-465]	465	2359
COV	[466-466]	466	2319
COV	[467-467]	467	2274
COV	[468-468]	468	2343
COV	[469-469]	469	2280
COV	[470-470]	470	2290
COV	[471-471]	471	2319
COV	[472-472]	472	2182
COV	[473-473]	473	2189
COV	[474-474]	474	2240
COV	[475-475]	475	2241
COV	[476-476]	476	2185
COV	[477-477]	477	2210
COV	[478-478]	478	2167
COV	[479-479]	479	2194
COV	[480-480]	480	2152
COV	[481-481]	481	2160
COV	[482-482]	482	2165
COV	[483-483]	483	2123
COV	[484-484]	484	2168
COV	[485-485]	485	2047
COV	[486-486]	486	2123
COV	[487-487]	487	2013
COV	[488-488]	488	2061
COV	[489-489]	489	2045
COV	[490-490]	490	2020
COV	[491-491]	491	2085
COV	[492-492]	492	2111
COV	[493-493]	493	2048
COV	[494-494]	494	2157
COV	[495-495]	495	2115
COV	[496-496]	496	2003
COV	[497-497]	497	1960
COV	[498-498]	498	1974
COV	[499-499]	499	1797
COV	[500-500]	500	1837
COV	[501-501]	501	2014
COV	[502-502]	502	2070
COV	[503-503]	503	1983
COV	[504-504]	504	1835
COV	[505-505]	505	1868
COV	[506-506]	506	1819
COV	[507-507]	507	1995
COV	[508-508]	508	1847
COV	[509-509]	509	1846
COV	[510-510]	510	1778
COV	[511-511]	511	1776
COV	[512-512]	512	1749
COV	[513-513]	513	1767
COV	[514-514]	514	1791
COV	[515-515]	515	1760
COV	[516-516]	516	1677
COV	[517-517]	517	1783
COV	[518-518]	518	1802
COV	[519-519]	519	1651
COV	[520-520]	520	1693
COV	[521-521]	521	1739
COV	[522-522]	522	1634
COV	[523-523]	523	1827
COV	[524-524]	524	1748
COV	[525-525]	525	1705
COV	[526-526]	526	1795
COV	[527-527]	527	1755
COV	[528-528]	528	1767
COV	[529-529]	529	1759
COV	[530-530]	530	1713
COV	[531-531]	531	1732
COV	[532-532]	532	1732
COV	[533-533]	533	1773
COV	[534-534]	534	1698
COV	[535-535]	535	1753
COV	[536-536]	536	1751
COV	[537-537]	537	1866
COV	[538-538]	538	1617
COV	[539-539]	539	1656
COV	[540-540]	540	1508
COV	[541-541]	541	1634
COV	[542-542]	542	1580
COV	[543-543]	543	1559
COV	[544-544]	544	1540
COV	[545-545]	545	1601
COV	[546-546]	546	1495
COV	[547-547]	547	1529
COV	[548-548]	548	1554
COV	[549-549]	549	1599
COV	[550-550]	550	1682
COV	[551-551]	551	1573
COV	[552-552]	552	1564
COV	[553-553]	553	1603
COV	[554-554]	554	1534
COV	[555-555]	555	1409
COV	[556-556]	556	1479
COV	[557-557]	557	1535
COV	[558-558]	558	1613
COV	[559-559]	559	1536
COV	[560-560]	560	1529
COV	[561-561]	561	1485
COV	[562-562]	562	1553
COV	[563-563]	563	1516
COV	[564-564]	564	1503
COV	[565-565]	565	1588
COV	[566-566]	566	1403
COV	[567-567]	567	1457
COV	[568-568]	568	1418
COV	[569-569]	569	1469
COV	[570-570]	570	1406
COV	[571-571]	571	1419
COV	[572-572]	572	1502
COV	[573-573]	573	1501
COV	[574-574]	574	1511
COV	[575-575]	575	1439
COV	[576-576]	576	1452
COV	[577-577]	577	1455
COV	[578-578]	578	1356
COV	[579-579]	579	1352
COV	[580-580]	580	1345
COV	[581-581]	581	1326
COV	[582-582]	582	1259
COV	[583-583]	583	1360
COV	[584-584]	584	1312
COV	[585-585]	585	1388
COV	[586-586]	586	1368
COV	[587-587]	587	1359
COV	[588-588]	588	1272
COV	[589-589]	589	1260
COV	[590-590]	590	1308
COV	[591-591]	591	1304
COV	[592-592]	592	1266
COV	[593-593]	593	1307
COV	[594-594]	594	1366
COV	[595-595]	595	1287
COV	[596-596]	596	1360
COV	[597-597]	597	1342
COV	[598-598]	598	1183
COV	[599-599]	599	1226
COV	[600-600]	600	1262
COV	[601-601]	601	1249
COV	[602-602]	602	1152
COV	[603-603]	603	1261
COV	[604-604]	604	1135
COV	[605-605]	605	1181
COV	[606-606]	606	1193
COV	[607-607]	607	1312
COV	[608-608]	608	1177
COV	[609-609]	609	1143
COV	[610-610]	610	1142
COV	[611-611]	611	1218
COV	[612-612]	612	1182
COV	[613-613]	613	1166
COV	[614-614]	614	1180
COV	[615-615]	615	1170
COV	[616-616]	616	1161
COV	[617-617]	617	1222
COV	[618-618]	618	1093
COV	[619-619]	619	1192
COV	[620-620]	620	1080
COV	[621-621]	621	1109
COV	[622-622]	622	1306
COV	[623-623]	623	1221
COV	[624-624]	624	1230
COV	[625-625]	625	1268
COV	[626-626]	626	1255
COV	[627-627]	627	1184
COV	[628-628]	628	1158
COV	[629-629]	629	1164
COV	[630-630]	630	1149
COV	[631-631]	631	1199
COV	[632-632]	632	1111
COV	[633-633]	633	1194
COV	[634-634]	634	1145
COV	[635-635]	635	1130
COV	[636-636]	636	1081
COV	[637-637]	637	1127
COV	[638-638]	638	1087
COV	[639-639]	639	1069
COV	[640-640]	640	1117
COV	[641-641]	641	1040
COV	[642-642]	642	1042
COV	[643-643]	643	1066
COV	[644-644]	644	1102
COV	[645-645]	645	1166
COV	[646-646]	646	1079
COV	[647-647]	647	1011
COV	[648-648]	648	1076
COV	[649-649]	649	1014
COV	[650-650]	650	1044
COV	[651-651]	651	1038
COV	[652-652]	652	1030
COV	[653-653]	653	1038
COV	[654-654]	654	982
COV	[655-655]	655	997
COV	[656-656]	656	972
COV	[657-657]	657	1041
COV	[658-658]	658	958
COV	[659-659]	659	1077
COV	[660-660]	660	1040
COV	[661-661]	661	1062
COV	[662-662]	662	990
COV	[663-663]	663	1006
COV	[664-664]	664	1083
COV	[665-665]	665	1059
COV	[666-666]	666	939
COV	[667-667]	667	1045
COV	[668-668]	668	951
COV	[669-669]	669	993
COV	[670-670]	670	943
COV	[671-671]	671	942
COV	[672-672]	672	957
COV	[673-673]	673	954
COV	[674-674]	674	989
COV	[675-675]	675	932
COV	[676-676]	676	1015
COV	[677-677]	677	929
COV	[678-678]	678	978
COV	[679-679]	679	950
COV	[680-680]	680	892
COV	[681-681]	681	890
COV	[682-682]	682	957
COV	[683-683]	683	924
COV	[684-684]	684	856
COV	[685-685]	685	911
COV	[686-686]	686	878
COV	[687-687]	687	952
COV	[688-688]	688	952
COV	[689-689]	689	943
COV	[690-690]	690	937
COV	[691-691]	691	968
COV	[692-692]	692	951
COV	[693-693]	693	934
COV	[694-694]	694	906
COV	[695-695]	695	905
COV	[696-696]	696	858
COV	[697-697]	697	918
COV	[698-698]	698	914
COV	[699-699]	699	931
COV	[700-700]	700	898
COV	[701-701]	701	981
COV	[702-702]	702	875
COV	[703-703]	703	879
COV	[704-704]	704	916
COV	[705-705]	705	877
COV	[706-706]	706	830
COV	[707-707]	707	898
COV	[708-708]	708	815
COV	[709-709]	709	966
COV	[710-710]	710	885
COV	[711-711]	711	873
COV	[712-712]	712	867
COV	[713-713]	713	869
COV	[714-714]	714	905
COV	[715-715]	715	818
COV	[716-716]	716	840
COV	[717-717]	717	846
COV	[718-718]	718	849
COV	[719-719]	719	854
COV	[720-720]	720	790
COV	[721-721]	721	838
COV	[722-722]	722	878
COV	[723-723]	723	874
COV	[724-724]	724	852
COV	[725-725]	725	899
COV	[726-726]	726	895
COV	[727-727]	727	859
COV	[728-728]	728	908
COV	[729-729]	729	820
COV	[730-730]	730	822
COV	[731-731]	731	792
COV	[732-732]	732	859
COV	[733-733]	733	822
COV	[734-734]	734	904
COV	[735-735]	735	855
COV	[736-736]	736	825
COV	[737-737]	737	863
COV	[738-738]	738	768
COV	[739-739]	739	823
COV	[740-740]	740	861
COV	[741-741]	741	793
COV	[742-742]	742	840
COV	[743-743]	743	850
COV	[744-744]	744	814
COV	[745-745]	745	778
COV	[746-746]	746	772
COV	[747-747]	747	836
COV	[748-748]	748	822
COV	[749-749]	749	785
COV	[750-750]	750	774
COV	[751-751]	751	749
COV	[752-752]	752	838
COV	[753-753]	753	767
COV	[754-754]	754	777
COV	[755-755]	755	752
COV	[756-756]	756	751
COV	[757-757]	757	711
COV	[758-758]	758	658
COV	[759-759]	759	678
COV	[760-760]	760	658
COV	[761-761]	761	651
COV	[762-762]	762	677
COV	[763-763]	763	651
COV	[764-764]	764	701
COV	[765-765]	765	697
COV	[766-766]	766	708
COV	[767-767]	767	746
COV	[768-768]	768	685
COV	[769-769]	769	714
COV	[770-770]	770	721
COV	[771-771]	771	715
COV	[772-772]	772	700
COV	[773-773]	773	647
COV	[774-774]	774	677
COV	[775-775]	775	669
COV	[776-776]	776	635
COV	[777-777]	777	692
COV	[778-778]	778	662
COV	[779-779]	779	671
COV	[780-780]	780	654
COV	[781-781]	781	592
COV	[782-782]	782	608
COV	[783-783]	783	655
COV	[784-784]	784	609
COV	[785-785]	785	689
COV	[786-786]	786	683
COV	[787-787]	787	646
COV	[788-788]	788	653
COV	[789-789]	789	638
COV	[790-790]	790	599
COV	[791-791]	791	671
COV	[792-792]	792	688
COV	[793-793]	793	668
COV	[794-794]	794	678
COV	[795-795]	795	671
COV	[796-796]	796	585
COV	[797-797]	797	615
COV	[798-798]	798	641
COV	[799-799]	799	616
COV	[800-800]	800	683
COV	[801-801]	801	692
COV	[802-802]	802	696
COV	[803-803]	803	759
COV	[804-804]	804	653
COV	[805-805]	805	640
COV	[806-806]	806	617
COV	[807-807]	807	615
COV	[808-808]	808	609
COV	[809-809]	809	588
COV	[810-810]	810	595
COV	[811-811]	811	592
COV	[812-812]	812	522
COV	[813-813]	813	584
COV	[814-814]	814	629
COV	[815-815]	815	573
COV	[816-816]	816	603
COV	[817-817]	817	613
COV	[818-818]	818	638
COV	[819-819]	819	622
COV	[820-820]	820	612
COV	[821-821]	821	602
COV	[822-822]	822	579
COV	[823-823]	823	622
COV	[824-824]	824	636
COV	[825-825]	825	632
COV	[826-826]	826	606
COV	[827-827]	827	589
COV	[828-828]	828	610
COV	[829-829]	829	629
COV	[830-830]	830	642
COV	[831-831]	831	649
COV	[832-832]	832	616
COV	[833-833]	833	599
COV	[834-834]	834	573
COV	[835-835]	835	588
COV	[836-836]	836	629
COV	[837-837]	837	644
COV	[838-838]	838	610
COV	[839-839]	839	590
COV	[840-840]	840	580
COV	[841-841]	841	576
COV	[842-842]	842	536
COV	[843-843]	843	622
COV	[844-844]	844	567
COV	[845-845]	845	588
COV	[846-846]	846	537
COV	[847-847]	847	599
COV	[848-848]	848	588
COV	[849-849]	849	580
COV	[850-850]	850	612
COV	[851-851]	851	584
COV	[852-852]	852	521
COV	[853-853]	853	571
COV	[854-854]	854	575
COV	[855-855]	855	600
COV	[856-856]	856	614
COV	[857-857]	857	556
COV	[858-858]	858	568
COV	[859-859]	859	585
COV	[860-860]	860	550
COV	[861-861]	861	556
COV	[862-862]	862	524
COV	[863-863]	863	546
COV	[864-864]	864	557
COV	[865-865]	865	540
COV	[866-866]	866	535
COV	[867-867]	867	535
COV	[868-868]	868	538
COV	[869-869]	869	588
COV	[870-870]	870	550
COV	[871-871]	871	472
COV	[872-872]	872	551
COV	[873-873]	873	527
COV	[874-874]	874	507
COV	[875-875]	875	515
COV	[876-876]	876	529
COV	[877-877]	877	531
COV	[878-878]	878	552
COV	[879-879]	879	588
COV	[880-880]	880	568
COV	[881-881]	881	536
COV	[882-882]	882	503
COV	[883-883]	883	525
COV	[884-884]	884	546
COV	[885-885]	885	552
COV	[886-886]	886	564
COV	[887-887]	887	539
COV	[888-888]	888	520
COV	[889-889]	889	542
COV	[890-890]	890	527
COV	[891-891]	891	460
COV	[892-892]	892	495
COV	[893-893]	893	560
COV	[894-894]	894	543
COV	[895-895]	895	594
COV	[896-896]	896	518
COV	[897-897]	897	499
COV	[898-898]	898	531
COV	[899-899]	899	517
COV	[900-900]	900	529
COV	[901-901]	901	525
COV	[902-902]	902	502
COV	[903-903]	903	483
COV	[904-904]	904	532
COV	[905-905]	905	513
COV	[906-906]	906	466
COV	[907-907]	907	506
COV	[908-908]	908	477
COV	[909-909]	909	473
COV	[910-910]	910	501
COV	[911-911]	911	509
COV	[912-912]	912	471
COV	[913-913]	913	466
COV	[914-914]	914	462
COV	[915-915]	915	438
COV	[916-916]	916	451
COV	[917-917]	917	472
COV	[918-918]	918	466
COV	[919-919]	919	473
COV	[920-920]	920	424
COV	[921-921]	921	451
COV	[922-922]	922	450
COV	[923-923]	923	441
COV	[924-924]	924	449
COV	[925-925]	925	435
COV	[926-926]	926	443
COV	[927-927]	927	448
COV	[928-928]	928	446
COV	[929-929]	929	436
COV	[930-930]	930	475
COV	[931-931]	931	417
COV	[932-932]	932	481
COV	[933-933]	933	453
COV	[934-934]	934	496
COV	[935-935]	935	453
COV	[936-936]	936	426
COV	[937-937]	937	422
COV	[938-938]	938	464
COV	[939-939]	939	416
COV	[940-940]	940	423
COV	[941-941]	941	473
COV	[942-942]	942	413
COV	[943-943]	943	457
COV	[944-944]	944	441
COV	[945-945]	945	415
COV	[946-946]	946	418
COV	[947-947]	947	442
COV	[948-948]	948	453
COV	[949-949]	949	447
COV	[950-950]	950	409
COV	[951-951]	951	422
COV	[952-952]	952	447
COV	[953-953]	953	404
COV	[954-954]	954	399
COV	[955-955]	955	416
COV	[956-956]	956	451
COV	[957-957]	957	371
COV	[958-958]	958	411
COV	[959-959]	959	422
COV	[960-960]	960	455
COV	[961-961]	961	464
COV	[962-962]	962	417
COV	[963-963]	963	444
COV	[964-964]	964	380
COV	[965-965]	965	428
COV	[966-966]	966	384
COV	[967-967]	967	383
COV	[968-968]	968	436
COV	[969-969]	969	400
COV	[970-970]	970	404
COV	[971-971]	971	436
COV	[972-972]	972	402
COV	[973-973]	973	467
COV	[974-974]	974	416
COV	[975-975]	975	362
COV	[976-976]	976	379
COV	[977-977]	977	369
COV	[978-978]	978	442
COV	[979-979]	979	443
COV	[980-980]	980	358
COV	[981-981]	981	397
COV	[982-982]	982	424
COV	[983-983]	983	405
COV	[984-984]	984	386
COV	[985-985]	985	364
COV	[986-986]	986	383
COV	[987-987]	987	381
COV	[988-988]	988	369
COV	[989-989]	989	361
COV	[990-990]	990	381
COV	[991-991]	991	376
COV	[992-992]	992	393
COV	[993-993]	993	389
COV	[994-994]	994	408
COV	[995-995]	995	389
COV	[996-996]	996	354
COV	[997-997]	997	391
COV	[998-998]	998	353
COV	[999-999]	999	420
COV	[1000-1000]	1000	359
COV	[1000<]	1000	251743
# GC-depth. Use `grep ^GCD | cut -f 2-` to extract this part. The columns are: GC%, unique sequence percentiles, 10th, 25th, 50th, 75th and 90th depth percentile
GCD	0.0	0.306	0.000	0.000	0.000	0.000	0.000
GCD	29.0	0.459	42.818	42.818	42.818	42.818	42.818
GCD	33.0	0.612	196.924	196.924	196.924	196.924	196.924
GCD	36.0	0.917	26.222	26.222	183.719	341.217	341.217
GCD	37.0	2.294	81.540	151.160	201.227	237.814	264.960
GCD	38.0	4.893	70.107	113.953	141.993	197.660	268.342
GCD	39.0	18.043	78.054	98.101	125.541	156.949	276.872
GCD	40.0	46.483	66.814	85.313	117.333	164.083	219.870
GCD	41.0	75.229	74.917	93.949	120.134	150.863	208.276
GCD	42.0	92.508	80.637	107.984	126.576	158.578	236.140
GCD	43.0	97.095	81.720	113.968	145.184	187.291	279.262
GCD	44.0	99.083	95.076	138.008	184.036	269.273	790.102
GCD	45.0	99.541	16.628	16.628	174.573	593.082	593.082
GCD	46.0	99.847	61.839	61.839	677.378	1292.917	1292.917
GCD	48.0	100.000	29.817	29.817	29.817	29.817	29.817
