# This file was produced by samtools stats (1.13+htslib-1.13+ds) and can be plotted using plot-bamstats
# This file contains statistics for all reads.
# The command line was:  stats /media/juan/01D9AF894E0C2760/WORKSHOP/rnaseq_fungi/SRR1278971/STAR_output/SRR1278971_Aligned.sortedByCoord.out.bam
# CHK, Checksum	[2]Read Names	[3]Sequences	[4]Qualities
# CHK, CRC32 of reads which passed filtering followed by addition (32bit overflow)
CHK	ccd5e1c2	c239e406	229fc7bf
# Summary Numbers. Use `grep ^SN | cut -f 2-` to extract this part.
SN	raw total sequences:	26140362	# excluding supplementary and secondary reads
SN	filtered sequences:	0
SN	sequences:	26140362
SN	is sorted:	1
SN	1st fragments:	13070181
SN	last fragments:	13070181
SN	reads mapped:	26140362
SN	reads mapped and paired:	26140362	# paired-end technology bit set + both mates mapped
SN	reads unmapped:	0
SN	reads properly paired:	26140362	# proper-pair bit set
SN	reads paired:	26140362	# paired-end technology bit set
SN	reads duplicated:	0	# PCR or optical duplicate bit set
SN	reads MQ0:	7756	# mapped and MQ=0
SN	reads QC failed:	0
SN	non-primary alignments:	761440
SN	supplementary alignments:	0
SN	total length:	2352632580	# ignores clipping
SN	total first fragment length:	1176316290	# ignores clipping
SN	total last fragment length:	1176316290	# ignores clipping
SN	bases mapped:	2352632580	# ignores clipping
SN	bases mapped (cigar):	2344421536	# more accurate
SN	bases trimmed:	0
SN	bases duplicated:	0
SN	mismatches:	0	# from NM fields
SN	error rate:	0.000000e+00	# mismatches / bases mapped (cigar)
SN	average length:	90
SN	average first fragment length:	90
SN	average last fragment length:	90
SN	maximum length:	90
SN	maximum first fragment length:	90
SN	maximum last fragment length:	90
SN	average quality:	36.7
SN	insert size average:	199.0
SN	insert size standard deviation:	15.9
SN	inward oriented pairs:	13067850
SN	outward oriented pairs:	2331
SN	pairs with other orientation:	0
SN	pairs on different chromosomes:	0
SN	percentage of properly paired reads (%):	100.0
# First Fragment Qualities. Use `grep ^FFQ | cut -f 2-` to extract this part.
# Columns correspond to qualities and rows to cycles. First column is the cycle number.
FFQ	1	0	0	21775	0	0	0	0	0	0	0	22138	0	0	0	0	0	30216	0	0	389	0	0	3599	38438	0	48305	91679	82767	120611	0	658879	4365300	0	1658193	5927892	0	0	0	0	0	0	0	0
FFQ	2	0	0	0	0	0	0	0	0	0	0	6392	0	0	0	0	0	39467	0	0	2473	0	0	13019	19524	0	31728	71735	147028	85801	0	531316	3515215	0	617223	7989260	0	0	0	0	0	0	0	0
FFQ	3	0	0	0	0	0	0	0	0	0	0	8899	0	0	0	0	0	21500	0	0	83	0	0	13541	22778	0	33648	79516	160901	91279	0	519782	3305841	0	484074	8328339	0	0	0	0	0	0	0	0
FFQ	4	0	0	0	0	0	0	0	0	0	0	7295	0	0	0	0	0	10262	0	0	11095	0	0	9609	0	0	22205	36493	4035	58780	1600	109865	3731	167373	289318	0	2555686	0	9782834	0	0	0	0	0
FFQ	5	0	0	0	0	0	0	0	0	0	0	14763	0	0	0	0	0	18551	0	0	17314	0	0	14939	0	0	37121	54008	5314	86003	1761	142987	4348	208961	340986	0	2741981	0	9381144	0	0	0	0	0
FFQ	6	0	0	0	0	0	0	235	0	9372	0	7100	710	0	0	108	12398	11190	9505	5937	2575	0	6700	1758	28193	193	46825	34075	23669	58975	24640	142805	128840	269943	222431	875	2797604	133117	9090408	0	0	0	0	0
FFQ	7	0	0	0	0	0	102	505	0	5844	0	8286	2096	79	0	205	8734	7578	13814	7855	3623	98	5041	2260	23107	293	43641	45145	27004	48209	24336	139402	93077	252461	269499	372	2749306	188316	9099893	0	0	0	0	0
FFQ	8	0	0	0	0	0	172	109	16	4413	0	8555	1769	88	3	66	7202	5252	14939	6787	4687	295	4248	2814	18046	223	43985	49438	29286	38375	25979	148826	64678	239275	304397	238	2609433	205057	9231530	0	0	0	0	0
FFQ	9	0	0	0	0	0	98	52	85	2373	5	9122	2893	95	16	39	3908	3880	17177	6631	6582	799	2620	2379	15188	389	43193	17809	66594	30407	28800	147587	25842	201219	212994	159153	755586	885	1427560	600004	9278217	0	0	0
FFQ	10	0	0	0	0	0	80	26	60	2005	34	10594	4908	74	2	32	2444	3173	18502	6555	9323	614	1616	1650	14926	473	44997	14703	78802	21434	33823	152398	15578	203205	230331	149786	769280	2519	1390196	667417	9218621	0	0	0
FFQ	11	0	0	0	0	0	87	9	54	1565	98	9154	4501	71	3	14	2383	2616	18184	6644	10282	444	1244	1114	15097	717	45272	13752	92600	11795	36071	156824	15126	205640	237650	150379	778651	5765	1377065	709315	9159995	0	0	0
FFQ	12	0	0	0	0	0	54	11	83	1389	115	8946	4798	31	5	23	1791	2746	18583	6464	10369	380	1275	1032	15250	800	44926	13839	99527	5436	35817	154820	13096	209643	234054	154675	776345	7144	1398395	709624	9138695	0	0	0
FFQ	13	0	0	0	0	0	24	5	96	1775	168	10154	4832	33	8	22	2133	3341	18741	7242	10416	416	1325	1249	16328	1016	46410	15119	101242	4644	36886	160412	15397	211988	237932	155943	792331	7094	1404414	744513	9056532	0	0	0
FFQ	14	0	0	0	0	0	26	9	114	1969	216	10444	4645	38	16	18	327	4825	20123	7099	10304	381	1477	1239	5258	12773	47176	15292	102518	4459	36794	75158	102721	162005	223954	186969	162500	498144	419487	1148288	853408	2360647	6589360	0
FFQ	15	0	0	0	0	0	29	21	108	2032	254	10703	4754	49	26	23	364	4979	19885	7964	10617	272	1514	1389	5574	13845	47945	16147	102537	4828	37222	76116	102226	163718	227976	185041	166770	501427	426022	1165864	860746	2383902	6517292	0
FFQ	16	0	0	0	0	0	43	17	79	2120	341	11267	4514	62	20	33	426	5185	20334	8246	10699	296	1711	1388	5912	14810	48664	17426	102618	5097	38531	78368	104230	163465	233029	182042	171141	502197	421214	1175245	855001	2404744	6479666	0
FFQ	17	0	0	0	0	0	49	39	127	2442	402	12282	4949	72	21	35	578	5642	20883	8484	11685	236	1835	1445	6845	15975	50342	17728	106395	5095	39511	81611	107228	166877	236719	187688	174282	510586	428731	1188048	855017	2423644	6396653	0
FFQ	18	0	0	0	0	0	59	42	158	3010	617	15537	6340	87	28	64	803	6495	21538	10240	13924	265	2257	1648	7555	19636	51966	18712	111826	5674	42569	84985	109975	172820	243817	195772	177539	519882	443662	1223717	902944	2471704	6182314	0
FFQ	19	0	0	14	0	0	94	47	221	4173	1022	20024	7875	131	48	97	1095	6775	2936	34160	14844	199	2443	1750	9047	21158	55325	19271	116961	6199	43238	90389	113508	176377	154973	295450	182555	441909	446802	976895	1101419	2552416	6168341	0
FFQ	20	0	0	45	0	0	72	79	198	4016	1155	16902	6527	117	77	95	1396	6906	3918	32744	13496	224	2582	1771	9914	22207	53236	19456	116261	6372	42511	92878	115013	177369	155379	300776	187973	444367	458153	997067	1124529	2568711	6085689	0
FFQ	21	0	0	150	0	0	92	72	218	3734	1216	14710	5140	145	122	86	1386	6903	4517	28947	12518	262	2493	1904	10249	23677	49757	19084	111301	6327	42309	95529	112485	173125	155301	300028	189144	449753	468734	1014617	1168451	2607375	5988320	0
FFQ	22	0	0	193	0	0	88	86	232	3976	1590	14749	4539	166	111	123	1671	8003	5744	27500	13205	290	2802	2022	11254	27423	50149	20544	112143	6791	44147	101797	115873	173751	160926	304585	195492	460692	470665	1051929	1179315	2634263	5861352	0
FFQ	23	0	0	291	0	0	56	124	354	5282	2304	16978	5068	174	164	156	1920	9543	7162	25851	13817	290	3025	2236	13432	31437	49276	21150	110179	7170	45551	108376	117826	168223	164241	307085	201924	467469	474847	1071490	1188213	2665888	5761609	0
FFQ	24	0	0	550	0	0	104	126	358	5246	2768	15577	4200	156	199	160	2316	10512	8353	24947	14224	319	3132	2351	14313	36297	47019	21622	109502	7839	46520	114319	119347	165772	166639	310263	211335	472794	482318	1110760	1145632	2599063	5793229	0
FFQ	25	0	0	878	0	0	109	185	379	5758	3621	15581	3561	201	220	206	2883	10954	9472	22267	14889	439	3490	2402	15010	41544	45544	22092	108294	8219	48078	121584	120828	162513	170910	312562	216548	478011	475056	1142393	1141425	2664957	5677118	0
FFQ	26	0	0	1293	0	0	156	269	637	9450	7084	21860	4294	257	300	301	3733	13604	11474	21696	16390	435	3976	2607	16919	47842	44414	22782	106402	8161	50295	130595	123443	156948	176158	314075	230415	485361	483914	1179648	1116834	2747063	5509096	0
FFQ	27	0	0	1724	0	0	237	305	770	10459	9329	21711	3463	347	418	362	4657	16190	14091	20056	16510	622	4612	2986	17578	53233	44395	23387	105461	8534	51126	140278	125598	154386	180195	317298	242099	490925	490146	1222599	1113583	2813079	5347432	0
FFQ	28	0	0	2207	0	0	278	324	823	11904	12140	21167	2498	342	432	414	5778	18570	14809	17954	17409	700	5279	3312	18605	59287	45849	24154	103399	8813	53245	151711	129331	148371	185636	319094	254111	496585	491963	1263243	1084848	2892355	5203241	0
FFQ	29	0	0	2660	0	0	357	395	1032	13234	15021	19586	1534	483	490	403	6852	20914	15054	16458	17405	902	5770	3665	19303	63671	48250	24898	101132	9327	53931	164622	130627	141996	190320	323074	266141	497269	500455	1298642	1074046	2951064	5069198	0
FFQ	30	0	0	3246	0	0	270	497	1047	15038	19059	18028	911	466	597	590	8169	23438	13434	15717	18503	1035	5884	3908	19610	67426	50371	25375	95342	9977	55066	176777	132722	132674	199299	325098	286123	500571	511434	1350883	1061694	3029655	4890247	0
FFQ	31	0	0	4343	0	0	190	403	1067	13479	18828	12670	369	525	740	625	8897	26416	12540	12238	14425	974	5235	3385	18698	60704	56944	22299	81336	9261	42817	190923	117279	113059	185113	297657	288274	437731	500533	1226553	1096501	2653223	5533927	0
FFQ	32	0	0	5574	0	0	203	516	1254	15516	22078	9939	225	571	928	772	11428	28725	9746	12087	14749	911	5795	3632	20422	62263	61189	22844	76058	10112	43502	204039	118308	102370	192135	292044	309438	427652	496308	1228999	1040670	2617176	5600003	0
FFQ	33	0	0	7482	0	0	206	662	1633	17518	27649	7969	149	701	1102	964	13713	33092	8063	12326	15773	1184	6295	4274	20009	65705	65430	23998	72375	11253	45105	211405	121000	94477	199399	287523	329790	418972	496339	1260183	994767	2616111	5575585	0
FFQ	34	0	0	9387	0	0	195	638	1770	16052	27214	4755	151	702	1197	1404	15415	32811	5788	12581	15762	1181	6933	4659	20267	66224	67969	25184	68948	11775	46733	218116	124239	89099	207374	281694	348754	408760	493405	1282981	957953	2646597	5545514	0
FFQ	35	0	0	11486	0	0	201	845	2205	17686	29818	2747	170	806	1515	1568	16877	30558	3464	13212	16283	1269	7590	5248	21096	67672	66823	26513	67246	13131	48425	223344	126791	84601	219735	275542	370528	394864	499760	1302816	927961	2666340	5503445	0
FFQ	36	0	0	13142	0	0	185	921	2541	17807	30841	1489	224	999	1846	1755	18809	29314	2150	13204	15839	1429	8246	5560	21916	67144	66764	27355	64360	14638	48377	224358	128385	80389	225134	266571	389425	377684	505453	1317564	915857	2675456	5487050	0
FFQ	37	0	0	15097	0	0	203	1020	3079	18282	33389	828	211	997	1984	2110	21447	28357	1667	12953	16493	1736	9186	5935	22879	69275	64399	27842	65289	15795	49855	225412	132379	81244	235943	260211	409567	366889	503312	1324846	896350	2684577	5459143	0
FFQ	38	0	0	17293	0	0	218	1286	3674	19237	34994	547	233	1407	2399	2509	24637	26572	1733	13251	17736	1976	10368	7018	24537	72749	65159	30184	66636	17508	51159	229162	137533	83432	248844	255344	430034	355514	512492	1340153	887000	2683669	5391984	0
FFQ	39	0	0	19599	0	0	275	1330	3869	18051	33037	435	274	1614	2692	2843	26169	23470	1772	13139	17634	2565	10959	7888	24805	74318	62623	32168	66022	19310	51334	229968	138470	84422	262839	249964	450814	342721	526172	1303467	959235	2702794	5301120	0
FFQ	40	0	0	22007	0	0	297	1814	4468	19194	35168	419	331	1753	3133	3230	27597	19905	2134	13732	18205	2508	11690	8489	27043	75178	57278	33445	67220	22724	52678	224700	140452	88076	276230	242936	457793	339025	526379	1320332	961055	2742296	5219267	0
FFQ	41	0	0	24634	0	0	305	2101	5718	18895	34371	499	417	2145	3534	4068	29983	17167	2457	14159	18895	3404	12939	9258	29693	78438	53663	37232	68919	25220	54669	225396	146591	91398	288983	239271	468615	337125	531716	1332439	949496	2753051	5153317	0
FFQ	42	0	0	27663	0	0	439	2502	6371	19627	36773	459	460	2478	4337	4842	32130	14710	2826	14016	19619	4088	13426	11169	32328	80824	50557	38827	69899	29429	56282	227026	150227	94170	303787	236309	478749	338256	548416	1356340	961163	2760071	5039586	0
FFQ	43	0	0	30719	0	0	405	2706	7045	19193	35450	458	539	2663	4844	5520	33339	11995	2993	14592	20336	4347	13898	11711	34838	81550	45753	41285	70651	33650	57642	221101	155063	98103	313174	233828	478454	347702	552153	1371567	963684	2788305	4958925	0
FFQ	44	0	0	33899	0	0	385	3522	8924	22092	39580	469	598	3331	5934	6856	36596	9920	3645	15006	21860	5158	14722	13618	39006	86430	42849	44423	73323	38765	60409	223269	163293	102732	328753	236123	485729	360836	566412	1396602	962384	2781806	4830922	0
FFQ	45	0	0	37213	0	0	331	2850	7462	17336	31774	558	673	3730	7336	7528	38476	7674	3109	12651	17254	6806	12925	15009	40861	81867	40626	43325	63263	44749	51018	223697	153097	95101	331422	213520	481852	319745	589155	1289129	1047217	2693595	5036247	0
FFQ	46	0	0	41158	0	0	336	2895	7799	16532	29070	493	699	3741	7480	8250	35118	5773	3212	12209	17216	6679	12682	15881	42191	79213	33494	45284	63454	48089	52500	207435	155895	98285	326222	216126	468835	332992	576479	1276185	1013774	2684088	5122417	0
FFQ	47	0	0	44242	0	0	393	3141	8330	16893	27454	453	709	3877	7775	8424	31678	4545	3558	12657	18062	7017	12433	16499	43395	77465	27038	46290	63624	51969	54574	191726	156786	101755	318097	223394	462758	346026	569426	1255879	978721	2658813	5214305	0
FFQ	48	0	0	48359	0	0	404	3197	8802	16053	25203	479	711	3750	8227	8686	27878	3697	3973	12476	18067	7337	12413	17137	45437	74673	22137	48974	62365	57867	56269	179667	157062	105282	312249	232079	455200	357714	571743	1233983	978832	2639804	5251995	0
FFQ	49	0	0	54462	0	0	360	3346	9498	16973	24832	501	793	3739	9317	9292	24962	3305	4158	12699	18365	7517	12812	18871	44817	75074	18358	51576	63018	63772	58315	168770	162745	110897	304760	242638	443354	377357	575013	1101946	1098948	2628406	5244615	0
FFQ	50	0	0	59746	0	0	429	3867	10148	17660	22993	526	955	4501	10113	10190	22727	3088	4212	13358	18417	8834	12914	21178	47858	72640	15912	56340	62669	72061	60440	160754	168625	116214	305014	257443	441546	390491	589472	1099199	1113775	2601359	5192513	0
FFQ	51	0	0	64799	0	0	383	4226	11500	19199	22427	512	1153	4793	12055	11656	20716	3022	4377	13766	19471	10125	13444	23908	52318	71377	13226	61958	63012	82103	63137	157455	175395	122040	306873	275511	446537	404964	615978	1101192	1124064	2580644	5090865	0
FFQ	52	0	0	67417	0	0	321	5000	12751	21471	21993	605	1311	5999	13789	12311	19522	3132	4916	14170	19922	11031	13669	26680	56193	68947	11103	66550	62296	91215	65218	148975	184334	128726	302934	295197	450727	423702	633208	1105615	1152260	2573958	4973013	0
FFQ	53	0	0	71486	0	0	398	5185	12602	22090	19373	568	1494	6496	15672	13068	17603	3181	4913	14853	20367	12131	13894	28604	59518	66118	10469	71069	62282	102972	69136	140072	192527	137407	300656	317537	455535	442691	656752	1106652	1174783	2553812	4866215	0
FFQ	54	0	0	76987	0	0	357	5557	13384	23494	17791	627	1583	6258	16811	13092	13843	3038	4979	15794	20601	13195	14472	32134	61040	62626	9919	78530	60966	113089	71999	134347	202607	147804	298940	339107	467844	465458	677287	1109940	1190461	2525830	4758390	0
FFQ	55	0	0	82406	0	0	424	5394	13555	24962	15156	606	1565	6072	17668	12742	11322	3184	5273	16163	20690	14095	14881	33907	61738	38773	27880	82548	58426	122374	74925	123109	210534	153753	286319	364780	478689	488327	668123	1145610	1234930	2494575	4654703	0
FFQ	56	0	0	91644	0	0	457	5751	14161	26701	13593	689	1732	6204	19076	13181	9299	3257	5275	16742	21292	15485	15071	36819	64003	34535	28586	89165	57085	131586	78739	115917	220128	160511	280716	388293	494769	515658	694385	1144859	1269774	2466076	4518967	0
FFQ	57	0	0	96295	0	0	609	6198	14680	29842	11471	727	2155	7638	20858	12963	7847	3206	5385	18098	21794	16926	15258	40821	64981	30871	28931	95499	55916	141729	84256	110416	232341	170392	274000	414667	512335	544533	718796	1142814	1304403	2426528	4384002	0
FFQ	58	0	0	103621	0	0	561	6044	15225	31454	9646	768	2123	6466	22113	12226	6200	3303	5662	19161	21890	17568	16215	43786	64368	27694	29296	101015	53435	151462	87798	104373	240833	180053	266750	445475	537345	584871	740219	1138576	1341423	2386732	4244431	0
FFQ	59	0	0	111021	0	0	671	6635	16891	36571	8545	905	2406	6751	24491	12605	5406	3512	5708	21072	22461	18579	16525	49375	63873	24246	30748	110062	51830	163182	93748	102186	252069	191046	261184	476693	567363	630548	772898	1137915	1379769	2326658	4064033	0
FFQ	60	0	0	116441	0	0	758	6785	16809	36644	6451	969	2894	7926	26913	12538	4645	3563	5948	22936	22199	20487	17628	53929	62862	22321	32413	118356	48952	169902	100604	99844	265403	201603	254292	505177	597246	676440	799780	1129346	1430474	2275513	3893190	0
FFQ	61	0	0	120727	0	0	817	6438	17053	36948	4834	1039	3620	9256	27235	10935	3691	3263	6188	22847	21077	22235	17904	57503	59613	19640	32004	125617	45630	177201	103656	102338	275252	209997	250173	530388	636243	716965	852576	1106491	1482049	2202117	3748621	0
FFQ	62	0	0	130380	0	0	1079	6845	18082	38989	3691	1205	3723	7263	27748	10470	3344	3552	6552	25444	21551	24038	19038	62125	58198	19421	34648	134489	45277	182281	112918	103572	287034	225552	248904	560489	683077	771358	890483	1098543	1534232	2121336	3543250	0
FFQ	63	0	0	136119	0	0	958	8195	20190	43550	2861	1293	5054	8322	28840	10083	2865	3816	7130	29755	22046	25095	20191	68017	54833	20668	36777	145455	44684	185958	121009	108593	298151	238900	249902	593144	730787	820867	944844	1078943	1621714	2029975	3300597	0
FFQ	64	0	0	147684	0	0	1073	8059	23229	49107	2157	1604	4315	6994	30787	10293	2637	4087	7892	31991	22735	27434	21787	73803	55269	20580	39309	157980	43233	191492	132246	119185	311881	252906	255123	625055	795047	879363	1000585	1055345	1678347	1927009	3052558	0
FFQ	65	0	0	153144	0	0	1292	7716	23769	47570	1292	1756	5985	8797	34070	9650	2241	4184	8127	29230	23799	28903	23238	75994	53377	20234	40969	163071	38994	195693	141996	128733	322035	266343	259142	661070	864260	940639	1066186	1017049	1765210	1811936	2822487	0
FFQ	66	0	0	162132	0	0	1114	7983	24745	47668	786	1752	6487	7949	33743	9890	2058	4310	8262	31867	23869	32943	24569	80543	50923	19853	43228	175152	39116	197225	151501	142266	329995	279159	263285	695384	944864	999115	1137465	975907	1843180	1685099	2584794	0
FFQ	67	0	0	171934	0	0	1176	7484	25291	45776	418	1777	5715	6591	33246	8260	2127	4275	8231	32750	22714	32737	24944	82316	44398	20958	44110	181861	38503	193633	160241	155819	334164	293530	274128	731031	1030551	1070268	1222278	931491	1886703	1569575	2369177	0
FFQ	68	0	0	181916	0	0	1133	7814	27395	45948	251	1910	6557	6514	33500	7676	2042	4553	8162	35658	22482	34569	26558	85647	40607	22026	47472	192957	38163	192640	173688	170225	345253	308851	292879	778019	1131629	1134723	1277816	891038	1919206	1446948	2125756	0
FFQ	69	0	0	194950	0	0	1210	8883	30768	48797	117	2078	7195	6372	33054	7573	2053	4682	8972	39859	22176	36840	28657	87410	38262	23200	51140	203871	38941	187238	187688	180829	352856	325728	306205	827101	1240129	1212169	1342000	837926	1933165	1318687	1891400	0
FFQ	70	0	0	207196	0	0	1267	8396	32293	47329	49	2384	8353	7027	33596	7054	2110	4701	9346	41365	20702	36917	30081	86076	33416	27843	52261	212965	38683	181558	198032	195238	355752	336698	328467	866796	1360280	1272813	1454399	771098	1931079	1182171	1684390	0
FFQ	71	0	0	219713	0	0	1500	8269	33376	45545	22	2469	9352	6923	33730	6713	2539	4581	9664	43062	19312	40694	30863	86488	31528	29545	54701	222234	39169	176771	209406	207943	362090	344669	352625	910692	1493467	1335552	1549593	709683	1898920	1049148	1487630	0
FFQ	72	0	0	232369	0	0	1625	8259	36121	45351	11	2834	10838	7473	34294	6553	3032	4715	10242	46771	18436	44331	33581	87161	30716	31587	58050	235509	41520	169751	226147	223001	372157	359321	376241	969501	1629383	1403157	1610934	653656	1847685	920703	1277165	0
FFQ	73	0	0	244197	0	0	1779	8276	37548	42713	6	2877	12130	6718	33718	6166	3080	4637	9979	48067	17149	47001	33952	86405	29491	32847	60521	245013	41630	163564	240341	233195	377882	372007	397374	1031289	1781095	1471898	1682731	590294	1801351	791564	1079696	0
FFQ	74	0	0	259375	0	0	2121	8921	44486	45390	5	3339	12107	6562	33356	6253	4004	4954	11373	52769	17419	51385	35794	84883	29837	36109	65495	256740	44963	157546	258983	245642	388234	387654	419877	1101169	1938833	1516993	1707897	531085	1732008	670610	896010	0
FFQ	75	0	0	275597	0	0	2325	9128	48483	44447	2	3608	11958	7113	33854	5959	4176	5089	11482	57260	16517	55552	37971	83566	30756	38395	69285	262520	53992	152792	275143	261712	402037	407322	445603	1180148	2089581	1570991	1717625	468870	1656980	548553	723789	0
FFQ	76	0	0	292294	0	0	1816	7566	45834	38579	12	5714	18121	10733	51366	4812	4907	3787	12205	49693	18432	87555	57749	118365	43185	58230	88011	408799	75721	263651	421442	503541	693579	742886	673627	1931161	1639313	1576227	925419	353295	1400895	302871	138788	0
FFQ	77	0	0	304819	0	0	2232	7321	47194	34247	10	4841	15237	8644	37742	4680	5138	4135	11821	50833	15682	71417	45669	84748	34308	48368	76754	320457	66466	171589	358422	367156	542670	596816	645379	1833005	2034741	1704648	1220495	305644	1508686	348283	129884	0
FFQ	78	0	0	317353	0	0	2234	6953	44897	29644	9	4524	14310	7853	30128	4491	5008	4335	11318	51339	14178	65026	39783	69345	32915	43082	74536	280114	61312	133830	324823	302465	459389	488245	568267	1544571	2519980	1762736	1580436	272931	1369256	309937	218628	0
FFQ	79	0	0	334133	0	0	2193	6197	42787	24921	7	4384	12619	6895	24080	4584	5017	4419	11516	52720	13210	63401	37553	58746	31836	43401	77315	264722	61662	114006	315941	280355	433508	457874	551455	1469615	2873062	1798027	1669888	235821	1230785	215562	235964	0
FFQ	80	0	0	353017	0	0	2449	6114	44602	22197	7	4163	11551	6449	20407	4551	5626	4579	11705	53525	12749	64209	35694	51142	32686	44466	80052	257686	63771	101925	318643	269085	429096	445742	552194	1489608	3153702	1821768	1672862	192777	1077373	154477	197532	0
FFQ	81	0	0	374396	0	0	2410	5053	39135	16868	4	4374	10704	5967	17219	3957	5912	4351	11626	50947	12650	64870	33040	43549	34301	44333	83854	248614	66651	91633	319067	267137	432421	445178	569372	1532368	3411225	1837149	1658408	156010	919862	106204	139362	0
FFQ	82	0	0	399706	0	0	2364	4456	37712	14474	2	4131	9891	5745	13916	3871	6108	4073	11734	50143	12632	65128	30558	37388	34928	44462	87420	238354	70154	82686	323955	262221	436763	450996	586880	1589593	3656912	1841478	1585825	125389	770727	72105	95301	0
FFQ	83	0	0	430855	0	0	2425	5209	47415	15082	3	4578	10390	5916	13155	4121	6102	4910	13163	56340	13754	68983	31231	33895	38413	45979	97175	240721	75705	77388	339504	263195	451186	459718	600203	1668410	3855247	1806826	1463713	96193	619250	45197	58631	0
FFQ	84	0	0	465768	0	0	2489	4892	46330	12446	4	5259	11072	6404	12111	3811	6529	4760	13913	55714	15047	74561	31234	29740	40420	49349	104277	242326	78832	74108	352772	262645	464322	477063	609452	1739710	4033609	1764495	1344362	73544	493197	27661	35953	0
FFQ	85	0	0	506492	0	0	2190	3289	35672	8273	0	4881	9546	5555	9421	3166	6226	4303	12029	50417	14842	71773	28236	24011	39531	48442	106319	226502	82140	68092	353115	265995	473106	489529	631034	1809671	4253598	1736478	1215230	55588	376835	16706	21948	0
FFQ	86	0	0	556477	0	0	2020	2707	31650	6258	2	4150	7878	4920	6535	2713	7064	4073	11608	48428	15183	71062	24212	18957	37768	50348	110387	209729	84770	62434	355101	260609	479156	497103	643777	1877046	4451787	1710338	1066543	40406	283672	10157	13153	0
FFQ	87	0	0	619187	0	0	1909	2096	27575	4775	1	3600	6753	4357	4895	2324	7357	4087	11495	48031	15646	72582	21814	15597	37455	53040	116485	198775	89931	58505	361146	258359	488627	508829	646056	1957331	4591261	1697475	893620	28759	199168	5154	6124	0
FFQ	88	0	0	693343	0	0	1018	1146	18019	2913	1	2613	4473	2984	2879	1643	6108	3884	11018	45128	15237	65733	18924	12165	38704	49178	120515	181405	92336	52900	359215	260751	496011	519885	657437	2014430	4759323	1658019	742425	19566	132752	2837	3263	0
FFQ	89	0	0	785325	0	0	333	321	6342	1116	0	1016	1638	1160	1087	807	5565	3920	10629	44796	15300	61119	15796	9566	37281	49302	127078	166835	92925	49354	364414	254101	507271	536839	663962	2085060	4877804	1586552	608506	12589	81312	1638	1522	0
FFQ	90	0	0	894313	0	0	0	0	7	68	0	1	1	38	45	59	5441	4086	10393	45104	14849	55697	13435	7905	36220	47295	127109	146960	94052	45197	354543	257387	517436	551118	673466	2150072	4994129	1488333	477166	7710	48300	1206	1040	0
# Last Fragment Qualities. Use `grep ^LFQ | cut -f 2-` to extract this part.
# Columns correspond to qualities and rows to cycles. First column is the cycle number.
LFQ	1	0	0	102	0	0	0	0	0	0	0	49300	0	0	0	0	0	67687	0	0	439	0	0	6878	73670	0	73730	164175	169112	147028	0	623489	3579580	0	1428240	6686751	0	0	0	0	0	0	0	0
LFQ	2	0	0	8	0	0	0	0	0	0	0	42948	0	0	0	0	0	71296	0	0	282	0	0	14854	60322	0	71481	150905	211146	133020	0	531460	3229776	0	820762	7731921	0	0	0	0	0	0	0	0
LFQ	3	0	0	0	0	0	0	0	0	0	0	50129	0	0	0	0	0	76539	0	0	267	0	0	16946	60519	0	74179	148938	217513	134709	0	524060	3106874	0	733936	7925572	0	0	0	0	0	0	0	0
LFQ	4	0	0	277	0	0	0	0	0	0	0	41655	0	0	0	0	0	25613	0	0	48622	0	0	13975	0	0	59312	69144	2813	114431	0	177958	2407	239890	390759	0	2257681	0	9625644	0	0	0	0	0
LFQ	5	0	0	0	0	0	0	0	0	0	0	42704	0	0	0	0	0	26127	0	0	43549	0	0	14401	0	0	57642	68951	3086	109325	0	174299	2529	236601	386999	0	2265280	0	9638688	0	0	0	0	0
LFQ	6	0	0	0	0	0	0	8	0	5990	0	34133	8401	0	0	1	4812	6046	37093	13414	11115	0	1854	1341	19166	13	60622	63920	8092	72056	33977	169527	27540	247396	341077	0	2014841	244798	9642948	0	0	0	0	0
LFQ	7	0	0	374	0	0	5	13	0	4123	0	29435	9347	3	0	5	3610	4459	38796	11103	11127	0	1374	1118	17419	5	56550	62227	8862	72112	33984	162926	21172	252027	358518	2	2042203	268843	9598439	0	0	0	0	0
LFQ	8	0	0	299	0	0	7	8	1	4091	0	32111	11736	1	0	1	3261	4680	38528	11622	14091	6	1471	1238	19056	7	61265	68657	12699	66332	37811	174405	19109	258268	365068	0	2053595	263245	9547512	0	0	0	0	0
LFQ	9	0	0	208	0	0	16	12	5	4775	0	35607	13438	2	0	4	3550	5063	40726	12974	15578	20	1617	1333	20586	3	61212	20442	71142	60363	38882	174769	14601	235573	243186	158495	719177	0	1308055	761974	9046793	0	0	0
LFQ	10	0	0	0	0	0	17	10	7	4341	0	31620	12651	13	1	2	3431	4306	41473	11943	13979	34	1272	1215	18569	26	61012	19265	85052	45455	38413	172560	13789	232868	243223	160560	719255	2	1318758	780849	9034210	0	0	0
LFQ	11	0	0	0	0	0	31	5	14	4830	15	35691	13746	7	2	4	3766	4391	41458	12678	14977	25	1353	1209	19760	67	62687	20303	105390	25196	39788	177505	14837	234406	249172	156116	727126	8	1316449	792974	8994195	0	0	0
LFQ	12	0	0	0	0	0	21	10	17	4649	41	33465	11635	16	3	4	4092	5011	41492	13215	14070	13	1618	1359	20465	131	61517	21727	123747	8848	40192	177887	15789	242882	246787	162111	733616	33	1325147	804372	8954199	0	0	0
LFQ	13	0	0	112	0	0	24	21	27	6270	91	38103	12659	6	5	5	4996	5712	43081	13817	14020	28	1989	1437	20865	193	64948	22699	126665	6321	40003	181434	17890	242809	246575	163166	741558	44	1346950	825902	8879756	0	0	0
LFQ	14	0	0	0	0	0	19	23	55	5654	129	35898	11825	15	5	6	331	8297	43427	14080	13830	22	1944	1402	5943	15247	63781	23266	128249	6269	41167	83614	110559	186592	243218	187148	133588	460315	381116	1187929	802747	2155290	6717181	0
LFQ	15	0	0	0	0	0	27	52	63	5975	333	37872	12848	14	14	18	450	8795	43436	14910	14929	22	2077	1608	6223	16792	64543	23849	127517	6959	41234	84898	111756	183653	246330	185892	134695	462420	384878	1194355	804446	2185228	6661070	0
LFQ	16	0	0	0	0	0	33	67	94	6520	359	41447	14002	24	16	56	516	9333	44527	16069	16043	40	2128	1640	6738	18342	67176	24901	131767	7117	43716	87657	115115	187424	252937	188377	137795	470722	386409	1212958	802296	2215734	6560086	0
LFQ	17	0	0	64	0	0	43	83	119	6472	504	39927	13768	43	32	45	549	9280	44973	14584	15705	53	2095	1505	6962	18045	67594	23843	134203	6841	43072	88983	115403	191947	254841	192424	139538	475468	394727	1224944	815043	2245446	6481013	0
LFQ	18	0	0	0	0	0	47	78	224	7301	662	44505	15784	53	51	62	612	9890	46302	15761	16878	69	2154	1730	7218	20025	67497	23897	135588	6878	44879	89591	115088	191744	256050	192706	140575	478266	398228	1232239	821009	2272935	6413605	0
LFQ	19	0	0	207	0	0	30	91	181	7757	982	45672	15253	49	61	123	706	8141	3678	64197	16404	70	2236	1704	7721	20849	66247	24005	136821	6886	44611	91211	115300	194189	158659	292689	141785	422609	384253	1001533	990211	2351123	6451937	0
LFQ	20	0	0	498	0	0	38	93	190	7281	1328	41650	13139	55	90	98	826	8535	5004	60645	16459	81	2335	1727	8529	22496	64263	24385	136896	7180	44934	92327	116722	195032	158425	295040	142972	423900	390340	1013380	1019468	2371873	6381947	0
LFQ	21	0	0	930	0	0	35	119	213	8934	2247	49406	15761	68	126	114	1070	10073	6795	58598	18718	90	2651	1902	10142	27087	65826	26340	137355	7571	47233	97332	121027	194237	164036	299875	148080	434232	395035	1037301	1038385	2394529	6246708	0
LFQ	22	0	0	1436	0	0	39	157	242	9121	2972	45570	13298	87	177	206	1288	10875	9096	54984	17117	125	2386	1845	10729	28968	61875	25386	136839	7370	46445	99804	119158	196052	163997	305836	148899	436973	407424	1047310	1082279	2411809	6162007	0
LFQ	23	0	0	2008	0	0	57	200	281	9855	3959	45052	12478	113	172	194	1611	12611	11945	50742	18410	141	2639	1943	12258	34118	60088	26195	136562	8032	48763	104663	121967	192933	165762	308659	153046	443718	414514	1073216	1105441	2448541	6037294	0
LFQ	24	0	0	2628	0	0	55	175	328	9557	4669	40222	9990	125	206	256	1925	13778	14098	44654	16967	197	2737	2107	13417	37614	56541	26042	132039	8102	48015	109499	120620	188699	165981	308288	156315	445226	418962	1097327	1057175	2292154	6223491	0
LFQ	25	0	0	3279	0	0	48	182	354	10338	6284	37029	8224	129	206	262	2301	15302	16736	38400	17111	198	2922	2011	15104	42747	52842	26270	127741	8328	48280	116479	121244	181633	167675	309081	162705	448827	421796	1120965	1055660	2359898	6121590	0
LFQ	26	0	0	4149	0	0	57	254	457	12290	8711	39138	7355	144	295	313	2876	18015	19214	33795	18374	220	3291	2348	16669	50468	50121	26887	123883	8744	50249	123796	124144	174700	171469	309110	167651	455399	420037	1151565	1042097	2443905	5987991	0
LFQ	27	0	0	5135	0	0	51	258	525	13441	11356	35916	5224	186	441	450	3614	20716	21637	29395	18361	242	3506	2486	18306	57642	48380	27905	121820	9096	51141	133728	124905	168649	174394	312033	175865	460189	424333	1185359	1037089	2534121	5832286	0
LFQ	28	0	0	6488	0	0	83	291	615	15660	15074	35882	3982	183	517	462	4519	23544	23208	24996	19030	278	3873	2640	19483	64803	47554	28588	117812	9482	52480	146685	127627	162539	178398	316733	185611	464537	429431	1218583	1024364	2612151	5681995	0
LFQ	29	0	0	7290	0	0	74	375	725	18546	19945	34259	2315	268	535	476	5652	28190	23506	21644	19759	314	4464	2811	19948	70471	49576	29120	112740	9548	53484	160160	129685	153633	181954	316962	196467	466283	433978	1261162	1012219	2688507	5533136	0
LFQ	30	0	0	8452	0	0	92	396	855	19517	22596	27278	954	267	560	537	7022	30924	21027	19422	19501	393	4861	2981	20733	74287	53428	29556	106453	10287	54432	174388	131185	141316	187155	318102	210687	467230	437617	1299016	994699	2760804	5411171	0
LFQ	31	0	0	9955	0	0	95	473	993	22672	28860	23866	370	341	598	546	8447	33347	16705	19571	21181	518	5347	3288	21255	79473	58638	31121	101417	11112	56896	190669	135591	131041	194102	322252	228383	468979	442437	1347966	967151	2801374	5283151	0
LFQ	32	0	0	11391	0	0	128	494	1197	23477	33374	17482	150	353	674	655	10306	36408	12703	19059	20636	553	6114	3573	21194	80022	64696	30798	95069	11430	57392	205380	136226	119525	198894	320718	245422	465348	451850	1397468	948831	2844887	5176304	0
LFQ	33	0	0	12829	0	0	141	593	1592	27055	41026	13310	155	404	793	796	12509	39331	9291	20035	21900	617	6971	3909	21504	82123	70356	32037	90204	11783	58802	217228	139536	108835	206441	317516	266152	459973	455588	1446374	927026	2891716	5053730	0
LFQ	34	0	0	14320	0	0	125	662	1515	24271	39144	6825	149	531	957	946	15596	42954	6411	16298	18008	732	6792	3706	20599	74531	81709	28869	74370	10622	46296	239161	125584	89346	202196	293556	279458	398058	461728	1340799	984237	2567372	5551748	0
LFQ	35	0	0	15872	0	0	133	617	1677	22258	38204	3190	168	557	1250	1142	17191	39547	3394	15489	17481	824	7455	3760	20066	73861	79322	28808	69951	11400	46856	238544	126569	80380	207229	281729	294273	380170	451521	1342113	926567	2545705	5674908	0
LFQ	36	0	0	17604	0	0	121	721	1978	22891	41196	1405	177	621	1348	1435	18991	36308	1982	16141	18177	888	8319	4240	20431	76022	75302	29592	68887	12187	48665	235260	127884	77772	216345	267171	311082	363666	444277	1347956	885039	2543615	5724485	0
LFQ	37	0	0	19320	0	0	161	984	2585	25021	46277	613	180	754	1545	1610	22440	35279	1506	16876	19527	948	9496	4665	21464	80015	75672	31166	70338	13381	51302	238791	133388	78700	229556	260608	332630	350969	442598	1359497	858794	2541179	5690346	0
LFQ	38	0	0	21107	0	0	137	993	3078	23562	44748	261	205	850	1734	1979	25878	32690	1480	16460	19266	1057	9947	5442	21841	79709	73606	31437	68990	14548	51308	237575	132139	77815	239896	249979	350368	333409	447182	1358003	859166	2561013	5671323	0
LFQ	39	0	0	23035	0	0	157	1229	3667	22678	43482	179	228	1013	2056	2371	27527	28018	1742	16388	19136	1300	10888	6251	22589	80763	69363	32378	69553	15999	52049	235433	134970	79175	251453	241153	366326	321636	451566	1311067	907078	2581753	5634532	0
LFQ	40	0	0	24972	0	0	161	1529	4271	23844	44957	167	239	1200	2441	2866	30265	23731	1929	16750	19699	1481	11788	6734	24226	83269	64406	33728	70316	17637	53396	232750	138740	81741	265607	231781	376393	314472	453241	1321533	895380	2592439	5600102	0
LFQ	41	0	0	27218	0	0	119	1675	4974	23347	44861	164	324	1408	2940	3586	33372	20393	2356	16371	20869	1705	12737	7654	26080	85976	61753	35125	72159	20271	55242	232381	142234	83968	281183	222914	387033	313407	459692	1344057	892844	2607259	5520530	0
LFQ	42	0	0	29255	0	0	166	2085	6010	22930	43351	151	371	1683	3539	4211	35589	16782	2668	16378	20464	2175	13386	8643	28165	86967	56221	37245	71468	23139	54930	231225	143464	84766	294972	215464	394553	310127	467815	1355586	899261	2625806	5459170	0
LFQ	43	0	0	31378	0	0	177	2504	6917	24379	45728	175	355	2184	4393	5050	37846	13790	3036	16824	20996	2708	13872	10007	31061	89299	51777	39274	72532	26523	56224	228348	147736	88023	308987	209496	397070	314065	475644	1372224	897301	2633966	5388312	0
LFQ	44	0	0	33778	0	0	175	2501	7766	24179	45426	173	360	2399	5199	6065	40134	10841	3532	16657	21561	2996	14385	10711	34095	91631	46143	41143	74076	31146	58340	222496	149584	90350	319142	206669	394452	321863	482311	1383069	895610	2662652	5316571	0
LFQ	45	0	0	36255	0	0	189	3110	9405	25565	46960	202	428	2699	6115	7521	40357	8662	4035	16834	22330	3852	14439	12208	37262	93891	41464	43609	74690	35876	59456	220926	153496	93240	330083	206586	395730	326463	491035	1394995	880461	2689173	5240579	0
LFQ	46	0	0	38859	0	0	211	3512	10225	24350	43189	232	505	3231	7182	8728	40603	6576	4471	16523	22586	4365	14537	14373	41305	95300	36682	46941	75010	42373	60597	217216	157710	96999	339687	209222	396359	334505	504944	1405894	888848	2692568	5163763	0
LFQ	47	0	0	41610	0	0	204	3041	9219	20367	36188	214	516	3446	8179	9654	38138	4805	4271	14905	19279	4942	14281	15383	44690	90782	31252	46425	67238	48940	53550	215178	150922	92220	338302	197223	392259	307509	520971	1335786	970117	2597068	5321107	0
LFQ	48	0	0	44513	0	0	187	3380	10999	22691	36643	222	557	3545	9056	10237	34502	3963	4765	15090	20466	5284	14199	16891	48048	88889	25212	49825	67717	53799	56169	198539	154005	96104	331033	205473	380625	319867	519057	1326390	950994	2578395	5362850	0
LFQ	49	0	0	47532	0	0	177	3802	11887	22664	34941	274	599	3978	10744	11505	32222	3814	5284	15443	20553	5852	14127	18457	50415	86614	20385	52433	67178	61327	57572	186200	158958	99234	323053	213169	354182	343550	523362	1165296	1089299	2560776	5393323	0
LFQ	50	0	0	50608	0	0	231	4164	12709	22423	31627	233	585	4556	11893	12419	28661	3649	5152	14956	20294	6371	14342	19958	54145	83102	16134	55103	66126	71154	58175	173880	161897	101834	318158	225796	348343	352039	528873	1158180	1085905	2542703	5403803	0
LFQ	51	0	0	54058	0	0	225	4132	13040	21962	27955	418	921	7179	19930	18497	36860	2912	4451	12061	16201	11262	15502	30944	79119	107208	18927	68914	60450	136335	50675	300898	204219	113763	570657	315532	539745	415862	1271616	1746385	2708963	2629820	1432583	0
LFQ	52	0	0	57551	0	0	260	4534	12986	22744	24678	365	903	5999	17443	16045	24474	2977	4743	13038	17496	9931	15099	28115	69579	80875	11820	68115	58102	113494	51216	197480	190156	116078	393030	283832	427695	384885	833090	1478037	2303094	3569346	2160876	0
LFQ	53	0	0	61048	0	0	261	4766	13042	23216	22200	314	904	5935	16628	14311	18398	3108	5072	13986	18264	9764	14338	27514	65227	68116	9050	69109	57559	107278	56136	153180	183107	117649	319461	276481	364799	390121	643769	1283039	1540124	3060684	4032223	0
LFQ	54	0	0	63989	0	0	275	4861	13249	23780	19263	339	952	5957	17299	14141	14542	3087	5058	14203	18782	10320	14042	28238	65096	60067	7820	71010	55810	109880	58535	130141	181317	119348	287273	281618	345048	397111	598300	1176537	1299113	2575781	4977999	0
LFQ	55	0	0	67169	0	0	253	5041	13938	26274	17049	320	1021	6560	18543	13662	11509	3133	5105	14886	19003	11246	14446	31172	65816	39444	22319	74965	54075	117809	60994	114676	187967	123284	265400	295428	343082	412240	583172	1139500	1229698	2391843	5268139	0
LFQ	56	0	0	71517	0	0	289	6211	16491	32252	17367	392	1217	6775	20991	14540	10340	3381	5672	15832	20439	12045	15126	34612	66327	34707	23288	81275	53092	127263	64599	103724	195300	129528	254499	312103	350863	432991	612908	1119775	1204843	2306904	5290703	0
LFQ	57	0	0	75234	0	0	327	5894	15842	31260	13021	429	1483	7398	23436	14819	8987	3592	5693	16362	19752	13376	15848	38174	67330	30432	23179	85719	50617	136555	66719	95783	202468	135392	244409	329085	363288	458880	637648	1098612	1238431	2261804	5232903	0
LFQ	58	0	0	79603	0	0	296	6300	16791	34684	11178	452	1650	6951	24458	13847	6378	3497	5958	17775	21080	15108	16692	42676	67657	26611	24032	94916	49401	149209	71574	90624	215504	145523	239188	352250	383424	496528	672606	1095321	1281155	2201102	5088182	0
LFQ	59	0	0	84054	0	0	304	5755	15518	33988	8181	447	1745	6499	25378	12326	4845	3345	5772	17629	19478	15885	16603	46419	63851	22643	23497	100488	45495	157938	74131	85529	223645	152743	229277	375152	415372	528866	707598	1086522	1338992	2155284	4958987	0
LFQ	60	0	0	88634	0	0	355	6963	18244	41215	7350	492	2024	6575	26437	11802	3581	3886	6457	20584	21719	16897	17615	51259	62113	20034	25542	107885	44953	164931	80298	81593	233863	164510	219945	399461	448437	572854	739407	1082469	1409598	2102792	4757407	0
LFQ	61	0	0	93701	0	0	342	6373	17584	39359	4922	537	2325	6788	28717	10911	2744	3634	6027	20034	19913	18783	18614	55397	60678	18096	25127	115174	41279	175252	85171	81359	243073	174244	213511	423857	491636	621045	786628	1063637	1492867	2037951	4562891	0
LFQ	62	0	0	98854	0	0	372	6100	16124	36724	3074	555	2510	6464	28924	9707	2189	3371	5845	20481	18878	19157	19253	59245	55761	16376	25227	120622	38457	177914	89518	82833	248914	184013	208638	444578	540062	675660	849681	1045075	1574773	1964458	4369794	0
LFQ	63	0	0	104312	0	0	404	6460	17500	40142	2182	594	2665	6570	29051	8946	1671	3679	6157	22754	19588	20363	19460	63493	51549	15501	27011	129121	36604	178157	95603	85533	256552	194905	204008	469308	603564	735196	905961	1025436	1675648	1893834	4110699	0
LFQ	64	0	0	109972	0	0	412	6145	17885	39455	1308	628	3007	6197	29364	8167	1437	3546	6089	23622	18345	21827	20331	66671	46424	15243	27221	134283	34036	180599	101631	91398	261783	203965	201810	490662	683707	786128	975411	991483	1788883	1798222	3872884	0
LFQ	65	0	0	116008	0	0	483	6444	19024	41113	778	696	3587	6187	30102	7919	1117	3793	6316	24001	18971	23326	20890	69670	43447	15419	28809	142836	32025	177806	109412	99744	267102	213876	201318	515240	773256	837622	1066724	957302	1888319	1693931	3605568	0
LFQ	66	0	0	122366	0	0	524	6417	20426	41487	410	723	4010	6303	31498	7720	1014	4002	6644	26758	18481	24704	22794	73883	39523	16099	30266	152735	30143	178112	119381	111429	273233	225940	207526	542653	863960	906694	1158757	918025	1995850	1581443	3298248	0
LFQ	67	0	0	129312	0	0	476	6714	21562	41698	190	842	4231	5834	31071	6899	1005	3923	7045	28055	18136	25685	23600	76292	35146	16970	31341	161063	28903	176834	127735	123328	278757	234526	217618	570698	969959	978179	1262918	872007	2078056	1462842	3010731	0
LFQ	68	0	0	136613	0	0	470	6309	21152	39504	94	906	4836	5868	30893	6599	973	3955	6902	28886	16638	27391	24644	78174	31484	18027	32488	167283	28318	173019	135324	135692	281630	246192	227813	602980	1094842	1050967	1378877	821433	2143486	1338957	2720562	0
LFQ	69	0	0	144415	0	0	544	6451	23047	38769	24	980	5538	5802	31521	6306	959	4147	7333	30991	16055	28650	25746	78987	28882	19031	34705	175298	28560	165963	146291	147364	283285	257435	240981	639149	1221069	1124747	1510313	766146	2191765	1207182	2425750	0
LFQ	70	0	0	152622	0	0	567	6420	23862	37101	17	950	6036	5590	30542	6026	1098	3881	7302	31856	14584	30683	26973	77777	25163	21962	36056	184040	29140	161891	155706	160582	288307	267440	258784	679193	1366523	1198715	1639938	711213	2203896	1081167	2136578	0
LFQ	71	0	0	161728	0	0	702	6871	27610	39775	13	1101	6690	5486	30218	5796	1166	4291	7680	36442	14614	32771	28091	78918	23640	23539	39809	193383	30666	155211	168753	170789	292305	277657	277560	728163	1524407	1292781	1741685	657834	2176502	959315	1846219	0
LFQ	72	0	0	171152	0	0	728	6784	28209	36862	10	1315	7449	5068	29380	5459	1287	4235	8158	36980	13023	34740	29674	77812	22406	25365	41010	203169	31334	150679	179662	184167	297803	287124	299567	776929	1700238	1375261	1849448	596722	2137021	834179	1579772	0
LFQ	73	0	0	181895	0	0	754	6683	31701	36325	8	1424	8437	5602	30712	5153	1409	4389	8292	39597	12285	37556	31601	76500	21448	27077	43818	212824	32483	144477	192697	197588	306525	301305	319520	833883	1883528	1464262	1927618	538290	2072498	710127	1319890	0
LFQ	74	0	0	192931	0	0	737	5640	28946	29749	8	1562	8902	5174	27845	4627	1484	4096	8444	39228	10785	39117	32332	71717	20829	27484	45675	216129	33843	134650	204983	206984	308042	310822	338027	891895	2083145	1555929	2011918	476839	2015058	591312	1083293	0
LFQ	75	0	0	204992	0	0	813	5712	30384	27531	4	1635	8296	4916	25286	4542	1546	4224	8494	40783	9949	40262	32853	67279	21524	28640	47204	219479	39121	125366	216043	212898	315480	319371	360127	953585	2290324	1661174	2063671	419046	1914195	479934	863498	0
LFQ	76	0	0	218560	0	0	943	5744	32544	26190	5	1736	8927	4977	24132	4721	1879	4274	9133	43849	9274	43154	35113	63459	21837	31153	51030	226276	41745	119210	231144	219175	325198	333503	382026	1020691	2502471	1740130	2085248	365753	1793219	378412	663346	0
LFQ	77	0	0	233646	0	0	1037	5752	35504	24773	6	1927	9245	4940	23059	4513	2102	4355	9355	44828	8998	46144	35694	59055	22733	32328	54248	230860	44329	112719	242826	224406	336081	344166	405279	1092332	2731044	1813031	2079120	312370	1646629	291546	499201	0
LFQ	78	0	0	249523	0	0	1062	5844	37418	23099	3	2270	10310	5187	22017	4566	2252	4447	9633	46650	8533	49789	35552	54931	23431	33997	57453	236372	46655	105900	252787	231584	344245	356692	421694	1169006	3004173	1852852	2028909	263999	1491437	214073	361836	0
LFQ	79	0	0	267185	0	0	1116	5193	37746	19691	7	2486	10659	5567	20579	4238	2415	4415	10187	47538	8300	53577	35840	49428	25351	34899	62241	241535	48735	99485	267133	233421	360168	367984	440770	1248066	3247445	1907011	1985998	215817	1294638	151457	251860	0
LFQ	80	0	0	287842	0	0	1164	4878	39387	17984	11	2610	10038	5494	18066	4147	2607	4590	10078	48677	8435	55961	35652	44662	26322	36404	67257	242882	51765	92493	279699	237043	374581	378208	461862	1324696	3516737	1926911	1899905	174893	1102845	104545	168850	0
LFQ	81	0	0	310711	0	0	1391	5243	43988	17035	5	2907	10629	6207	16616	4272	3016	4631	10946	50731	8411	59824	34946	40183	28155	38839	72794	244843	55695	85903	291215	237630	386600	388891	479293	1397380	3778033	1923363	1804905	140018	906420	69179	109333	0
LFQ	82	0	0	336169	0	0	1460	4461	42168	13782	9	3426	11613	6449	15524	3907	3311	4633	11276	50578	9244	64795	34171	35790	29725	40347	78717	243955	59406	80820	300434	240322	402362	401145	496279	1474304	4028840	1906129	1700973	105809	719592	42656	65600	0
LFQ	83	0	0	365016	0	0	1452	4249	42110	11890	8	3395	10730	6224	12939	3838	3533	4766	11661	50990	9565	68134	32339	30990	31534	42529	84241	242534	63572	76809	311557	242032	414044	415473	515016	1548301	4280443	1892845	1538560	80089	553064	25750	37959	0
LFQ	84	0	0	398735	0	0	1510	3729	39664	9404	7	3581	10285	6031	10711	3594	3852	4533	11532	50211	10017	69984	30216	26043	32545	44291	89112	233837	67213	72392	315842	245837	426126	428190	537546	1621545	4535262	1851050	1375015	58095	404936	15329	22379	0
LFQ	85	0	0	438916	0	0	1376	3248	36963	7123	3	3525	9525	5596	8453	3336	3970	4659	11826	48383	10677	70132	27768	21263	34822	44627	95052	220898	72143	66877	319775	244726	435174	435265	551586	1683991	4778433	1817210	1197325	41339	293305	8601	12290	0
LFQ	86	0	0	487477	0	0	1333	2876	34382	5616	3	3511	8435	5016	6420	3031	3908	4500	11833	48382	11286	70456	25376	17316	35210	46865	101717	208126	75790	62336	324543	244847	443759	449000	559366	1759412	4998356	1750311	1019017	28550	201990	4050	5779	0
LFQ	87	0	0	547375	0	0	1023	2178	29299	4076	3	3114	7133	4395	4849	2551	4042	4557	11727	46743	11829	69756	22610	14170	36648	47426	108761	198471	81127	59861	328404	246427	454945	458773	572502	1828480	5177471	1675828	846878	18930	134820	1266	1733	0
LFQ	88	0	0	621177	0	0	749	1414	22135	2569	2	2489	5631	3202	3249	1948	4082	4551	11702	46368	12735	69862	19853	11432	36809	49109	116918	185371	85543	55441	335702	246631	465426	472914	579719	1890699	5339085	1593114	676406	12000	82883	574	687	0
LFQ	89	0	0	700156	0	0	233	423	8252	1000	5	1105	2401	1451	1327	1005	3906	4300	10858	43846	13012	64461	16608	8828	36806	48538	121260	168463	89220	51739	335214	247378	471964	485232	588627	1948348	5498497	1510975	527766	7372	49063	261	281	0
LFQ	90	0	0	790520	0	0	0	0	6	64	0	0	1	49	43	107	3889	4346	10667	44539	11838	58343	13175	7052	35466	50744	121052	147138	93276	47865	327540	249760	475489	493583	601376	1995142	5642961	1405980	405977	4165	27803	106	119	0
# GC Content of first fragments. Use `grep ^GCF | cut -f 2-` to extract this part.
GCF	0.50	8
GCF	1.51	4
GCF	2.51	3
GCF	3.52	7
GCF	4.77	9
GCF	6.03	11
GCF	7.04	10
GCF	8.04	16
GCF	9.05	31
GCF	10.30	66
GCF	11.56	79
GCF	12.56	148
GCF	13.57	214
GCF	14.57	255
GCF	15.83	448
GCF	17.09	619
GCF	18.09	796
GCF	19.10	1147
GCF	20.35	1906
GCF	21.61	4487
GCF	22.61	8190
GCF	23.62	18461
GCF	24.62	13909
GCF	25.88	19143
GCF	27.14	29553
GCF	28.14	45740
GCF	29.15	74827
GCF	30.15	113786
GCF	31.41	164592
GCF	32.66	234521
GCF	33.67	332344
GCF	34.67	437529
GCF	35.68	596786
GCF	36.93	755120
GCF	38.19	912674
GCF	39.20	969981
GCF	40.20	1061068
GCF	41.46	1073856
GCF	42.71	1057155
GCF	43.72	980310
GCF	44.72	869137
GCF	45.73	737824
GCF	46.98	639740
GCF	48.24	505544
GCF	49.25	377891
GCF	50.25	303412
GCF	51.26	221986
GCF	52.51	158184
GCF	53.77	105601
GCF	54.77	79107
GCF	55.78	46503
GCF	56.78	39233
GCF	58.04	23913
GCF	59.30	18510
GCF	60.30	13613
GCF	61.31	7969
GCF	62.56	4965
GCF	63.82	2451
GCF	64.82	1982
GCF	65.83	743
GCF	66.83	513
GCF	68.09	563
GCF	69.35	308
GCF	70.35	130
GCF	71.36	148
GCF	72.36	110
GCF	73.62	79
GCF	74.87	66
GCF	75.88	41
GCF	76.88	42
GCF	77.89	24
GCF	79.15	8
GCF	80.40	13
GCF	81.91	6
GCF	83.67	4
GCF	85.93	1
# GC Content of last fragments. Use `grep ^GCL | cut -f 2-` to extract this part.
GCL	0.50	1
GCL	1.51	2
GCL	2.51	7
GCL	3.52	12
GCL	4.77	18
GCL	6.03	26
GCL	7.04	51
GCL	8.04	58
GCL	9.05	97
GCL	10.30	109
GCL	11.56	218
GCL	12.56	252
GCL	13.57	407
GCL	14.57	527
GCL	15.83	685
GCL	17.09	895
GCL	18.09	1129
GCL	19.10	1713
GCL	20.35	2263
GCL	21.61	3531
GCL	22.61	5464
GCL	23.62	9315
GCL	24.62	17001
GCL	25.88	31103
GCL	27.14	47632
GCL	28.14	83903
GCL	29.15	114507
GCL	30.15	188629
GCL	31.41	285541
GCL	32.66	399712
GCL	33.67	513523
GCL	34.67	637200
GCL	35.68	773631
GCL	36.93	874509
GCL	38.19	998768
GCL	39.20	1076990
GCL	40.20	1087883
GCL	41.46	1055683
GCL	42.71	986565
GCL	43.72	875476
GCL	44.72	725000
GCL	45.73	597823
GCL	46.98	474194
GCL	48.24	341152
GCL	49.25	270393
GCL	50.25	195181
GCL	51.26	130701
GCL	52.51	83415
GCL	53.77	58260
GCL	54.77	38183
GCL	55.78	25529
GCL	56.78	19482
GCL	58.04	12798
GCL	59.30	8287
GCL	60.30	5830
GCL	61.31	3431
GCL	62.56	1895
GCL	63.82	1210
GCL	64.82	814
GCL	65.83	532
GCL	66.83	311
GCL	68.09	189
GCL	69.35	176
GCL	70.35	187
GCL	71.36	97
GCL	72.36	48
GCL	73.62	14
GCL	74.87	6
GCL	75.88	2
GCL	76.88	3
GCL	78.64	0
GCL	80.40	1
GCL	82.66	0
GCL	84.92	1
# ACGT content per cycle. Use `grep ^GCC | cut -f 2-` to extract this part. The columns are: cycle; A,C,G,T base counts as a percentage of all A/C/G/T bases [%]; and N and O counts as a percentage of all A/C/G/T bases [%]
GCC	1	12.91	37.26	36.95	12.88	0.08	0.00
GCC	2	23.06	26.98	26.82	23.14	0.00	0.00
GCC	3	22.54	27.60	27.13	22.73	0.00	0.00
GCC	4	23.25	26.76	26.26	23.73	0.00	0.00
GCC	5	27.34	22.63	22.56	27.47	0.00	0.00
GCC	6	30.46	19.60	19.31	30.63	0.00	0.00
GCC	7	33.82	16.33	16.11	33.74	0.00	0.00
GCC	8	30.65	19.36	19.38	30.60	0.00	0.00
GCC	9	29.11	20.74	21.15	29.00	0.00	0.00
GCC	10	33.35	16.51	16.66	33.48	0.00	0.00
GCC	11	29.14	20.68	21.03	29.14	0.00	0.00
GCC	12	29.20	20.62	20.82	29.36	0.00	0.00
GCC	13	31.17	18.91	18.58	31.34	0.00	0.00
GCC	14	30.66	19.25	19.19	30.90	0.00	0.00
GCC	15	30.42	19.60	19.53	30.44	0.00	0.00
GCC	16	30.29	19.71	19.67	30.32	0.00	0.00
GCC	17	29.85	19.76	19.95	30.44	0.00	0.00
GCC	18	30.09	19.80	19.61	30.51	0.00	0.00
GCC	19	30.06	19.98	19.50	30.46	0.00	0.00
GCC	20	29.73	19.84	20.11	30.31	0.00	0.00
GCC	21	30.04	19.73	19.98	30.25	0.00	0.00
GCC	22	30.07	19.81	19.79	30.33	0.00	0.00
GCC	23	29.94	19.90	20.10	30.06	0.00	0.00
GCC	24	30.06	19.73	19.84	30.37	0.00	0.00
GCC	25	30.22	19.70	19.92	30.16	0.00	0.00
GCC	26	30.19	19.84	20.13	29.85	0.00	0.00
GCC	27	30.17	19.87	19.87	30.09	0.00	0.00
GCC	28	30.30	20.08	19.71	29.92	0.00	0.00
GCC	29	29.99	19.88	19.99	30.15	0.00	0.00
GCC	30	30.01	19.79	19.94	30.25	0.00	0.00
GCC	31	30.04	20.04	19.92	30.00	0.00	0.00
GCC	32	30.22	19.80	19.95	30.02	0.00	0.00
GCC	33	30.06	20.19	19.95	29.80	0.00	0.00
GCC	34	30.27	19.94	19.83	29.96	0.00	0.00
GCC	35	29.99	20.10	20.17	29.74	0.00	0.00
GCC	36	29.88	20.10	20.15	29.86	0.00	0.00
GCC	37	30.07	20.08	19.93	29.92	0.00	0.00
GCC	38	29.80	20.27	19.99	29.94	0.00	0.00
GCC	39	30.01	20.14	19.88	29.96	0.00	0.00
GCC	40	30.16	20.06	19.60	30.18	0.00	0.00
GCC	41	29.81	20.18	20.01	30.00	0.00	0.00
GCC	42	30.10	20.02	19.84	30.04	0.00	0.00
GCC	43	29.87	20.01	19.99	30.13	0.00	0.00
GCC	44	30.04	19.92	19.92	30.12	0.00	0.00
GCC	45	30.14	19.95	20.03	29.89	0.00	0.00
GCC	46	30.08	20.00	19.99	29.93	0.00	0.00
GCC	47	30.02	20.08	20.11	29.80	0.00	0.00
GCC	48	29.92	20.07	20.19	29.81	0.00	0.00
GCC	49	29.97	20.20	20.03	29.80	0.01	0.00
GCC	50	29.98	20.01	20.26	29.76	0.01	0.00
GCC	51	29.95	20.15	20.08	29.82	0.01	0.00
GCC	52	30.14	20.18	19.89	29.79	0.01	0.00
GCC	53	30.32	20.15	19.96	29.57	0.00	0.00
GCC	54	30.08	20.01	19.98	29.93	0.01	0.00
GCC	55	30.08	20.19	19.76	29.97	0.00	0.00
GCC	56	29.99	20.29	20.15	29.57	0.02	0.00
GCC	57	30.20	19.82	20.10	29.88	0.01	0.00
GCC	58	30.14	20.11	19.99	29.76	0.02	0.00
GCC	59	30.07	19.97	19.86	30.10	0.02	0.00
GCC	60	29.96	19.85	20.09	30.09	0.02	0.00
GCC	61	30.13	19.94	20.04	29.89	0.00	0.00
GCC	62	30.12	20.10	19.99	29.79	0.01	0.00
GCC	63	30.16	20.08	20.20	29.56	0.00	0.00
GCC	64	30.08	19.95	19.99	29.97	0.02	0.00
GCC	65	30.06	19.99	19.87	30.08	0.00	0.00
GCC	66	29.55	20.06	19.97	30.42	0.00	0.00
GCC	67	30.19	20.03	19.72	30.06	0.00	0.00
GCC	68	30.05	20.10	20.10	29.75	0.00	0.00
GCC	69	29.97	20.04	20.00	29.99	0.01	0.00
GCC	70	30.18	20.09	20.00	29.73	0.02	0.00
GCC	71	30.13	19.99	20.00	29.89	0.02	0.00
GCC	72	30.10	20.29	19.68	29.94	0.01	0.00
GCC	73	30.20	20.08	19.70	30.02	0.00	0.00
GCC	74	29.99	20.27	19.95	29.79	0.00	0.00
GCC	75	30.08	19.94	20.07	29.90	0.00	0.00
GCC	76	29.87	19.98	20.16	29.98	0.00	0.00
GCC	77	29.90	20.10	20.38	29.62	0.01	0.00
GCC	78	30.23	19.79	20.20	29.78	0.00	0.00
GCC	79	30.30	19.88	19.96	29.85	0.00	0.00
GCC	80	29.85	20.20	20.15	29.80	0.00	0.00
GCC	81	29.74	20.25	19.94	30.07	0.00	0.00
GCC	82	29.90	20.17	19.97	29.95	0.00	0.00
GCC	83	30.07	20.10	20.12	29.71	0.00	0.00
GCC	84	29.86	20.36	19.87	29.92	0.00	0.00
GCC	85	29.82	20.36	19.93	29.89	0.00	0.00
GCC	86	29.74	20.08	20.38	29.79	0.00	0.00
GCC	87	29.81	20.20	20.19	29.79	0.00	0.00
GCC	88	30.06	19.98	20.18	29.77	0.01	0.00
GCC	89	30.07	19.77	20.24	29.91	0.00	0.00
GCC	90	30.00	19.75	20.33	29.92	0.00	0.00
# ACGT content per cycle, read oriented. Use `grep ^GCT | cut -f 2-` to extract this part. The columns are: cycle; A,C,G,T base counts as a percentage of all A/C/G/T bases [%]
GCT	1	14.09	30.80	43.42	11.70
GCT	2	20.89	16.61	37.19	25.31
GCT	3	21.48	25.62	29.11	23.80
GCT	4	23.85	20.14	32.87	23.13
GCT	5	29.55	15.80	29.38	25.26
GCT	6	34.33	17.46	21.45	26.76
GCT	7	25.71	16.47	15.97	41.85
GCT	8	25.63	19.94	18.81	35.63
GCT	9	22.77	21.58	20.32	35.33
GCT	10	36.66	14.84	18.33	30.17
GCT	11	32.52	19.31	22.40	25.76
GCT	12	28.15	21.36	20.08	30.40
GCT	13	30.55	18.57	18.92	31.96
GCT	14	30.60	18.48	19.96	30.95
GCT	15	30.06	19.68	19.45	30.81
GCT	16	29.92	19.28	20.10	30.69
GCT	17	29.89	19.01	20.70	30.39
GCT	18	29.72	19.57	19.83	30.88
GCT	19	29.92	19.52	19.96	30.60
GCT	20	30.02	19.24	20.71	30.03
GCT	21	29.95	19.94	19.77	30.35
GCT	22	30.31	19.65	19.94	30.09
GCT	23	30.19	19.48	20.52	29.81
GCT	24	30.17	19.89	19.69	30.25
GCT	25	30.21	19.81	19.81	30.17
GCT	26	30.44	19.57	20.39	29.60
GCT	27	30.18	20.31	19.43	30.08
GCT	28	30.00	19.87	19.91	30.21
GCT	29	29.95	19.36	20.51	30.18
GCT	30	30.15	19.94	19.80	30.11
GCT	31	29.96	19.95	20.01	30.08
GCT	32	30.22	19.35	20.41	30.02
GCT	33	29.91	20.41	19.73	29.95
GCT	34	30.31	20.00	19.77	29.92
GCT	35	29.86	19.87	20.40	29.88
GCT	36	29.75	20.55	19.70	29.99
GCT	37	29.89	20.17	19.84	30.10
GCT	38	29.82	19.78	20.48	29.91
GCT	39	29.70	20.21	19.81	30.27
GCT	40	30.01	19.92	19.74	30.33
GCT	41	29.83	19.77	20.43	29.97
GCT	42	29.86	20.26	19.60	30.28
GCT	43	29.59	20.06	19.94	30.41
GCT	44	29.97	19.49	20.35	30.19
GCT	45	29.98	20.15	19.83	30.04
GCT	46	30.09	20.00	20.00	29.92
GCT	47	30.10	19.89	20.29	29.71
GCT	48	29.79	20.48	19.79	29.94
GCT	49	29.94	20.38	19.85	29.83
GCT	50	29.93	19.94	20.33	29.80
GCT	51	29.61	20.38	19.84	30.16
GCT	52	29.68	19.96	20.11	30.25
GCT	53	29.91	19.94	20.17	29.99
GCT	54	29.83	20.36	19.63	30.18
GCT	55	29.93	20.02	19.93	30.11
GCT	56	29.93	19.84	20.60	29.63
GCT	57	30.02	20.42	19.50	30.06
GCT	58	29.80	20.00	20.10	30.10
GCT	59	29.96	19.69	20.14	30.21
GCT	60	30.07	20.23	19.72	29.98
GCT	61	29.76	19.90	20.08	30.26
GCT	62	29.92	19.70	20.39	29.99
GCT	63	30.03	20.37	19.91	29.69
GCT	64	30.09	19.92	20.02	29.97
GCT	65	30.14	19.81	20.05	30.00
GCT	66	29.86	20.31	19.72	30.11
GCT	67	29.93	20.02	19.73	30.32
GCT	68	29.96	19.95	20.26	29.84
GCT	69	29.91	20.45	19.58	30.05
GCT	70	29.92	20.13	19.96	30.00
GCT	71	30.13	19.73	20.26	29.88
GCT	72	29.89	20.45	19.52	30.15
GCT	73	29.80	19.98	19.80	30.42
GCT	74	29.55	19.89	20.32	30.24
GCT	75	29.84	20.11	19.90	30.14
GCT	76	29.80	19.88	20.27	30.06
GCT	77	29.67	19.85	20.62	29.85
GCT	78	29.94	20.23	19.76	30.07
GCT	79	30.04	19.89	19.96	30.11
GCT	80	29.87	19.90	20.45	29.78
GCT	81	29.86	20.25	19.94	29.95
GCT	82	30.02	19.94	20.20	29.84
GCT	83	30.07	19.76	20.46	29.71
GCT	84	29.83	20.38	19.84	29.94
GCT	85	29.46	20.18	20.10	30.25
GCT	86	29.74	19.81	20.66	29.79
GCT	87	29.64	20.39	20.01	29.96
GCT	88	29.70	20.15	20.02	30.13
GCT	89	30.09	19.65	20.37	29.89
GCT	90	29.93	20.16	19.92	29.99
# ACGT content per cycle for first fragments. Use `grep ^FBC | cut -f 2-` to extract this part. The columns are: cycle; A,C,G,T base counts as a percentage of all A/C/G/T bases [%]; and N and O counts as a percentage of all A/C/G/T bases [%]
FBC	1	7.22	43.10	42.46	7.22	0.17	0.00
FBC	2	16.50	33.80	33.26	16.44	0.00	0.00
FBC	3	13.40	36.89	36.44	13.27	0.00	0.00
FBC	4	15.90	34.31	33.73	16.05	0.00	0.00
FBC	5	22.72	27.51	27.13	22.63	0.00	0.00
FBC	6	27.34	23.18	22.58	26.91	0.00	0.00
FBC	7	36.05	14.45	14.30	35.21	0.00	0.00
FBC	8	31.85	18.42	18.36	31.36	0.00	0.00
FBC	9	30.20	19.87	20.37	29.57	0.00	0.00
FBC	10	33.66	16.12	16.38	33.84	0.00	0.00
FBC	11	29.79	20.21	20.73	29.27	0.00	0.00
FBC	12	29.68	19.99	20.51	29.82	0.00	0.00
FBC	13	31.43	18.77	18.40	31.40	0.00	0.00
FBC	14	30.91	19.35	19.03	30.72	0.00	0.00
FBC	15	30.76	19.29	19.53	30.41	0.00	0.00
FBC	16	30.62	19.58	19.55	30.25	0.00	0.00
FBC	17	29.97	19.50	20.02	30.51	0.00	0.00
FBC	18	29.81	19.75	19.71	30.73	0.00	0.00
FBC	19	30.12	19.93	19.34	30.61	0.00	0.00
FBC	20	29.58	19.97	20.34	30.11	0.00	0.00
FBC	21	29.82	19.96	20.04	30.19	0.00	0.00
FBC	22	30.14	20.05	19.63	30.17	0.00	0.00
FBC	23	30.06	20.11	20.03	29.80	0.00	0.00
FBC	24	29.93	19.86	20.03	30.17	0.00	0.00
FBC	25	30.46	19.78	19.86	29.90	0.00	0.00
FBC	26	30.42	19.78	20.25	29.55	0.00	0.00
FBC	27	30.22	20.03	19.97	29.79	0.00	0.00
FBC	28	30.51	20.14	19.66	29.69	0.00	0.00
FBC	29	30.25	19.88	19.69	30.19	0.00	0.00
FBC	30	30.09	19.82	20.11	29.98	0.00	0.00
FBC	31	30.26	19.91	19.94	29.89	0.00	0.00
FBC	32	30.46	19.86	19.90	29.78	0.00	0.00
FBC	33	30.25	20.34	20.12	29.29	0.00	0.00
FBC	34	30.66	20.03	19.82	29.50	0.00	0.00
FBC	35	30.27	20.31	20.20	29.22	0.00	0.00
FBC	36	29.85	20.62	20.20	29.33	0.00	0.00
FBC	37	30.06	20.19	19.96	29.79	0.00	0.00
FBC	38	29.73	20.34	19.84	30.10	0.00	0.00
FBC	39	29.89	20.30	19.98	29.83	0.00	0.00
FBC	40	30.25	19.99	19.34	30.42	0.00	0.00
FBC	41	29.94	20.17	19.85	30.04	0.00	0.00
FBC	42	30.05	19.91	20.11	29.93	0.00	0.00
FBC	43	29.82	19.82	19.98	30.38	0.00	0.00
FBC	44	29.89	19.84	19.97	30.30	0.00	0.00
FBC	45	30.03	19.84	20.51	29.62	0.00	0.00
FBC	46	30.30	19.89	20.08	29.73	0.00	0.00
FBC	47	30.18	20.03	20.12	29.68	0.00	0.00
FBC	48	29.92	20.06	20.34	29.69	0.00	0.00
FBC	49	30.05	20.29	19.89	29.77	0.02	0.00
FBC	50	29.93	20.09	20.42	29.57	0.02	0.00
FBC	51	29.88	20.18	20.18	29.76	0.03	0.00
FBC	52	30.24	20.33	19.66	29.76	0.01	0.00
FBC	53	30.38	20.20	19.97	29.46	0.00	0.00
FBC	54	30.14	19.97	20.09	29.81	0.00	0.00
FBC	55	30.13	20.28	19.59	30.00	0.01	0.00
FBC	56	30.10	20.41	19.89	29.59	0.04	0.00
FBC	57	30.39	19.71	20.09	29.82	0.02	0.00
FBC	58	30.24	19.89	20.08	29.80	0.03	0.00
FBC	59	30.14	19.90	19.85	30.11	0.04	0.00
FBC	60	29.81	19.60	20.44	30.15	0.03	0.00
FBC	61	29.93	19.88	20.22	29.97	0.01	0.00
FBC	62	30.32	19.92	20.01	29.75	0.02	0.00
FBC	63	30.09	20.12	20.48	29.31	0.00	0.00
FBC	64	30.00	20.02	19.88	30.10	0.04	0.00
FBC	65	30.25	19.81	19.55	30.39	0.00	0.00
FBC	66	29.41	19.72	19.98	30.90	0.00	0.00
FBC	67	30.47	20.03	19.52	29.99	0.00	0.00
FBC	68	30.10	20.15	19.94	29.81	0.00	0.00
FBC	69	29.75	20.13	20.06	30.06	0.02	0.00
FBC	70	30.41	20.01	19.98	29.59	0.03	0.00
FBC	71	30.39	19.90	19.96	29.74	0.03	0.00
FBC	72	30.01	20.55	19.64	29.80	0.02	0.00
FBC	73	30.45	19.86	19.61	30.07	0.00	0.00
FBC	74	29.95	20.14	19.86	30.05	0.00	0.00
FBC	75	30.22	19.91	19.85	30.02	0.00	0.00
FBC	76	29.84	19.84	20.30	30.02	0.00	0.00
FBC	77	30.06	20.07	20.59	29.28	0.01	0.00
FBC	78	30.49	19.69	20.42	29.40	0.00	0.00
FBC	79	30.51	19.78	19.91	29.80	0.00	0.00
FBC	80	29.83	20.23	20.12	29.82	0.00	0.00
FBC	81	29.59	20.10	20.20	30.11	0.00	0.00
FBC	82	29.70	20.31	20.07	29.91	0.00	0.00
FBC	83	30.02	20.16	20.04	29.78	0.00	0.00
FBC	84	29.60	20.65	19.91	29.84	0.00	0.00
FBC	85	29.80	20.48	19.81	29.92	0.00	0.00
FBC	86	29.58	20.30	20.49	29.63	0.00	0.00
FBC	87	29.56	20.40	20.53	29.51	0.00	0.00
FBC	88	30.18	20.02	20.22	29.59	0.00	0.00
FBC	89	30.38	19.59	20.22	29.81	0.00	0.00
FBC	90	30.06	19.53	20.39	30.01	0.00	0.00
# ACGT raw counters for first fragments. Use `grep ^FTC | cut -f 2-` to extract this part. The columns are: A,C,G,T,N base counters
FTC	345501835	243996430	243548492	343185367	84166
# ACGT content per cycle for last fragments. Use `grep ^LBC | cut -f 2-` to extract this part. The columns are: cycle; A,C,G,T base counts as a percentage of all A/C/G/T bases [%]; and N and O counts as a percentage of all A/C/G/T bases [%]
LBC	1	18.59	31.44	31.44	18.52	0.00	0.00
LBC	2	29.61	20.17	20.38	29.84	0.00	0.00
LBC	3	31.69	18.30	17.83	32.19	0.00	0.00
LBC	4	30.61	19.20	18.78	31.42	0.00	0.00
LBC	5	31.96	17.75	17.98	32.32	0.00	0.00
LBC	6	33.58	16.01	16.05	34.36	0.00	0.00
LBC	7	31.60	18.20	17.92	32.28	0.00	0.00
LBC	8	29.46	20.30	20.40	29.84	0.00	0.00
LBC	9	28.01	21.62	21.94	28.43	0.00	0.00
LBC	10	33.04	16.90	16.95	33.11	0.00	0.00
LBC	11	28.48	21.16	21.34	29.01	0.00	0.00
LBC	12	28.73	21.24	21.14	28.89	0.00	0.00
LBC	13	30.91	19.05	18.77	31.28	0.00	0.00
LBC	14	30.41	19.15	19.36	31.08	0.00	0.00
LBC	15	30.08	19.92	19.53	30.47	0.00	0.00
LBC	16	29.96	19.85	19.79	30.40	0.00	0.00
LBC	17	29.73	20.03	19.88	30.36	0.00	0.00
LBC	18	30.37	19.84	19.50	30.29	0.00	0.00
LBC	19	30.00	20.04	19.66	30.31	0.00	0.00
LBC	20	29.89	19.71	19.88	30.52	0.00	0.00
LBC	21	30.26	19.50	19.92	30.32	0.00	0.00
LBC	22	30.01	19.56	19.95	30.48	0.00	0.00
LBC	23	29.83	19.68	20.18	30.31	0.00	0.00
LBC	24	30.19	19.60	19.66	30.56	0.00	0.00
LBC	25	29.99	19.62	19.98	30.41	0.00	0.00
LBC	26	29.96	19.89	20.00	30.15	0.00	0.00
LBC	27	30.12	19.71	19.78	30.39	0.00	0.00
LBC	28	30.08	20.01	19.77	30.14	0.00	0.00
LBC	29	29.73	19.89	20.28	30.10	0.00	0.00
LBC	30	29.93	19.77	19.78	30.52	0.00	0.00
LBC	31	29.81	20.18	19.90	30.12	0.00	0.00
LBC	32	29.98	19.75	20.00	30.27	0.00	0.00
LBC	33	29.87	20.04	19.78	30.31	0.00	0.00
LBC	34	29.88	19.84	19.85	30.43	0.00	0.00
LBC	35	29.71	19.88	20.14	30.26	0.00	0.00
LBC	36	29.91	19.58	20.11	30.40	0.00	0.00
LBC	37	30.07	19.96	19.91	30.05	0.00	0.00
LBC	38	29.87	20.21	20.14	29.78	0.00	0.00
LBC	39	30.13	19.98	19.79	30.10	0.00	0.00
LBC	40	30.07	20.14	19.86	29.93	0.00	0.00
LBC	41	29.67	20.20	20.18	29.95	0.00	0.00
LBC	42	30.16	20.13	19.57	30.14	0.00	0.00
LBC	43	29.93	20.21	19.99	29.88	0.00	0.00
LBC	44	30.18	20.01	19.86	29.95	0.00	0.00
LBC	45	30.24	20.05	19.55	30.16	0.00	0.00
LBC	46	29.85	20.11	19.91	30.14	0.00	0.00
LBC	47	29.87	20.13	20.10	29.91	0.00	0.00
LBC	48	29.93	20.09	20.05	29.93	0.00	0.00
LBC	49	29.88	20.12	20.17	29.83	0.00	0.00
LBC	50	30.03	19.93	20.10	29.95	0.00	0.00
LBC	51	30.02	20.11	19.98	29.89	0.00	0.00
LBC	52	30.04	20.04	20.11	29.81	0.01	0.00
LBC	53	30.26	20.11	19.95	29.68	0.01	0.00
LBC	54	30.02	20.05	19.87	30.06	0.01	0.00
LBC	55	30.03	20.10	19.94	29.93	0.00	0.00
LBC	56	29.88	20.17	20.40	29.55	0.00	0.00
LBC	57	30.01	19.93	20.12	29.94	0.00	0.00
LBC	58	30.05	20.33	19.90	29.72	0.00	0.00
LBC	59	30.00	20.05	19.86	30.08	0.00	0.00
LBC	60	30.12	20.10	19.74	30.04	0.00	0.00
LBC	61	30.34	20.00	19.85	29.81	0.00	0.00
LBC	62	29.92	20.29	19.97	29.83	0.00	0.00
LBC	63	30.23	20.04	19.92	29.81	0.00	0.00
LBC	64	30.16	19.89	20.10	29.85	0.00	0.00
LBC	65	29.87	20.17	20.20	29.76	0.00	0.00
LBC	66	29.70	20.40	19.96	29.94	0.00	0.00
LBC	67	29.91	20.03	19.92	30.14	0.00	0.00
LBC	68	29.99	20.06	20.26	29.69	0.00	0.00
LBC	69	30.20	19.94	19.93	29.93	0.00	0.00
LBC	70	29.96	20.17	20.01	29.86	0.00	0.00
LBC	71	29.86	20.07	20.04	30.03	0.00	0.00
LBC	72	30.19	20.02	19.72	30.07	0.00	0.00
LBC	73	29.94	20.30	19.78	29.97	0.00	0.00
LBC	74	30.04	20.41	20.03	29.52	0.00	0.00
LBC	75	29.95	19.97	20.29	29.79	0.00	0.00
LBC	76	29.91	20.13	20.03	29.93	0.00	0.00
LBC	77	29.73	20.13	20.17	29.97	0.00	0.00
LBC	78	29.96	19.89	19.98	30.17	0.00	0.00
LBC	79	30.08	19.98	20.02	29.91	0.00	0.00
LBC	80	29.88	20.16	20.18	29.78	0.00	0.00
LBC	81	29.89	20.40	19.68	30.03	0.01	0.00
LBC	82	30.10	20.03	19.87	29.99	0.00	0.00
LBC	83	30.12	20.03	20.20	29.64	0.01	0.00
LBC	84	30.11	20.07	19.82	30.00	0.00	0.00
LBC	85	29.85	20.24	20.04	29.87	0.00	0.00
LBC	86	29.89	19.87	20.28	29.96	0.00	0.00
LBC	87	30.07	20.01	19.85	30.07	0.01	0.00
LBC	88	29.95	19.95	20.15	29.95	0.01	0.00
LBC	89	29.76	19.95	20.27	30.02	0.00	0.00
LBC	90	29.93	19.96	20.27	29.83	0.00	0.00
# ACGT raw counters for last fragments. Use `grep ^LTC | cut -f 2-` to extract this part. The columns are: A,C,G,T,N base counters
LTC	352335769	235412364	234933836	353622374	11947
# Insert sizes. Use `grep ^IS | cut -f 2-` to extract this part. The columns are: insert size, pairs total, inward oriented pairs, outward oriented pairs, other pairs
IS	0	0	0	0	0
IS	1	0	0	0	0
IS	2	0	0	0	0
IS	3	0	0	0	0
IS	4	0	0	0	0
IS	5	0	0	0	0
IS	6	0	0	0	0
IS	7	0	0	0	0
IS	8	0	0	0	0
IS	9	0	0	0	0
IS	10	0	0	0	0
IS	11	0	0	0	0
IS	12	0	0	0	0
IS	13	0	0	0	0
IS	14	0	0	0	0
IS	15	0	0	0	0
IS	16	0	0	0	0
IS	17	0	0	0	0
IS	18	0	0	0	0
IS	19	0	0	0	0
IS	20	0	0	0	0
IS	21	0	0	0	0
IS	22	0	0	0	0
IS	23	0	0	0	0
IS	24	0	0	0	0
IS	25	0	0	0	0
IS	26	0	0	0	0
IS	27	0	0	0	0
IS	28	0	0	0	0
IS	29	0	0	0	0
IS	30	0	0	0	0
IS	31	0	0	0	0
IS	32	0	0	0	0
IS	33	0	0	0	0
IS	34	0	0	0	0
IS	35	0	0	0	0
IS	36	0	0	0	0
IS	37	0	0	0	0
IS	38	0	0	0	0
IS	39	0	0	0	0
IS	40	0	0	0	0
IS	41	0	0	0	0
IS	42	3	1	2	0
IS	43	3	2	1	0
IS	44	2	0	2	0
IS	45	3	0	3	0
IS	46	0	0	0	0
IS	47	1	1	0	0
IS	48	1	0	1	0
IS	49	0	0	0	0
IS	50	0	0	0	0
IS	51	2	0	2	0
IS	52	0	0	0	0
IS	53	3	2	1	0
IS	54	2	1	1	0
IS	55	2	1	1	0
IS	56	2	1	1	0
IS	57	11	4	7	0
IS	58	32	3	29	0
IS	59	14	6	8	0
IS	60	6	4	2	0
IS	61	12	8	4	0
IS	62	9	2	7	0
IS	63	10	9	1	0
IS	64	13	8	5	0
IS	65	9	4	5	0
IS	66	19	13	6	0
IS	67	15	9	6	0
IS	68	19	17	2	0
IS	69	14	9	5	0
IS	70	19	11	8	0
IS	71	21	14	7	0
IS	72	31	21	10	0
IS	73	24	16	8	0
IS	74	26	20	6	0
IS	75	22	14	8	0
IS	76	32	22	10	0
IS	77	29	21	8	0
IS	78	43	27	16	0
IS	79	48	36	12	0
IS	80	93	57	36	0
IS	81	355	181	174	0
IS	82	351	179	172	0
IS	83	342	183	159	0
IS	84	366	195	171	0
IS	85	362	197	165	0
IS	86	384	224	160	0
IS	87	395	208	187	0
IS	88	416	233	183	0
IS	89	502	280	222	0
IS	90	1377	915	462	0
IS	91	1469	1469	0	0
IS	92	1423	1423	0	0
IS	93	1428	1428	0	0
IS	94	1435	1434	1	0
IS	95	1418	1417	1	0
IS	96	1452	1452	0	0
IS	97	1525	1525	0	0
IS	98	1425	1425	0	0
IS	99	1332	1332	0	0
IS	100	1479	1479	0	0
IS	101	1371	1371	0	0
IS	102	1312	1312	0	0
IS	103	1447	1447	0	0
IS	104	1361	1361	0	0
IS	105	1377	1377	0	0
IS	106	1438	1438	0	0
IS	107	1345	1343	2	0
IS	108	1338	1338	0	0
IS	109	1333	1333	0	0
IS	110	1394	1394	0	0
IS	111	1337	1337	0	0
IS	112	1344	1344	0	0
IS	113	1277	1277	0	0
IS	114	1355	1354	1	0
IS	115	1362	1361	1	0
IS	116	1332	1331	1	0
IS	117	1286	1286	0	0
IS	118	1299	1299	0	0
IS	119	1352	1352	0	0
IS	120	1322	1322	0	0
IS	121	1318	1318	0	0
IS	122	1361	1361	0	0
IS	123	1358	1358	0	0
IS	124	1408	1408	0	0
IS	125	1453	1452	1	0
IS	126	1439	1439	0	0
IS	127	1479	1479	0	0
IS	128	1497	1497	0	0
IS	129	1559	1557	2	0
IS	130	1576	1576	0	0
IS	131	1718	1718	0	0
IS	132	1694	1694	0	0
IS	133	1744	1744	0	0
IS	134	1768	1768	0	0
IS	135	1813	1813	0	0
IS	136	1864	1864	0	0
IS	137	1864	1864	0	0
IS	138	1969	1967	2	0
IS	139	2043	2043	0	0
IS	140	2123	2123	0	0
IS	141	2167	2166	1	0
IS	142	2258	2258	0	0
IS	143	2344	2343	1	0
IS	144	2509	2509	0	0
IS	145	2510	2509	1	0
IS	146	2674	2673	1	0
IS	147	2769	2768	1	0
IS	148	2922	2922	0	0
IS	149	3010	3010	0	0
IS	150	3228	3227	1	0
IS	151	3603	3603	0	0
IS	152	3422	3422	0	0
IS	153	3680	3680	0	0
IS	154	3967	3967	0	0
IS	155	4239	4238	1	0
IS	156	4608	4606	2	0
IS	157	4711	4711	0	0
IS	158	5228	5228	0	0
IS	159	5582	5582	0	0
IS	160	6187	6187	0	0
IS	161	6789	6789	0	0
IS	162	7803	7802	1	0
IS	163	9149	9149	0	0
IS	164	10596	10595	1	0
IS	165	12208	12207	1	0
IS	166	14888	14888	0	0
IS	167	16941	16941	0	0
IS	168	20917	20917	0	0
IS	169	24731	24731	0	0
IS	170	29893	29893	0	0
IS	171	37594	37594	0	0
IS	172	44529	44529	0	0
IS	173	55964	55964	0	0
IS	174	65471	65471	0	0
IS	175	78808	78808	0	0
IS	176	95093	95093	0	0
IS	177	104396	104396	0	0
IS	178	122320	122320	0	0
IS	179	136988	136988	0	0
IS	180	159450	159450	0	0
IS	181	178211	178211	0	0
IS	182	195245	195245	0	0
IS	183	212000	212000	0	0
IS	184	229841	229841	0	0
IS	185	241026	241026	0	0
IS	186	258531	258531	0	0
IS	187	269163	269163	0	0
IS	188	282331	282331	0	0
IS	189	290902	290902	0	0
IS	190	306226	306226	0	0
IS	191	306855	306855	0	0
IS	192	315434	315434	0	0
IS	193	319948	319948	0	0
IS	194	316226	316226	0	0
IS	195	330198	330198	0	0
IS	196	322629	322629	0	0
IS	197	322438	322438	0	0
IS	198	320833	320833	0	0
IS	199	319017	319017	0	0
IS	200	318376	318376	0	0
IS	201	320123	320123	0	0
IS	202	322735	322735	0	0
IS	203	312414	312414	0	0
IS	204	312418	312418	0	0
IS	205	310730	310730	0	0
IS	206	301900	301900	0	0
IS	207	297288	297288	0	0
IS	208	292371	292371	0	0
IS	209	283838	283838	0	0
IS	210	281537	281537	0	0
IS	211	266688	266688	0	0
IS	212	256785	256785	0	0
IS	213	248369	248369	0	0
IS	214	238298	238298	0	0
IS	215	224688	224688	0	0
IS	216	211283	211283	0	0
IS	217	200731	200731	0	0
IS	218	184417	184417	0	0
IS	219	163281	163281	0	0
IS	220	148841	148841	0	0
IS	221	133791	133791	0	0
IS	222	118257	118257	0	0
IS	223	104743	104743	0	0
IS	224	91121	91121	0	0
IS	225	78559	78559	0	0
IS	226	65683	65683	0	0
IS	227	55045	55045	0	0
IS	228	46668	46668	0	0
IS	229	38761	38761	0	0
IS	230	31280	31280	0	0
IS	231	25183	25183	0	0
IS	232	20394	20394	0	0
IS	233	16072	16072	0	0
IS	234	12841	12841	0	0
IS	235	10564	10564	0	0
IS	236	8228	8228	0	0
IS	237	6579	6579	0	0
IS	238	5360	5360	0	0
IS	239	4098	4098	0	0
IS	240	3488	3488	0	0
IS	241	2937	2937	0	0
IS	242	2244	2244	0	0
IS	243	2058	2058	0	0
IS	244	1882	1882	0	0
IS	245	1642	1642	0	0
IS	246	1608	1608	0	0
IS	247	1550	1550	0	0
IS	248	1440	1440	0	0
IS	249	1389	1389	0	0
IS	250	1253	1253	0	0
IS	251	1310	1310	0	0
IS	252	1519	1519	0	0
IS	253	1446	1446	0	0
IS	254	1670	1670	0	0
# Read lengths. Use `grep ^RL | cut -f 2-` to extract this part. The columns are: read length, count
RL	90	26140362
# Read lengths - first fragments. Use `grep ^FRL | cut -f 2-` to extract this part. The columns are: read length, count
FRL	90	13070181
# Read lengths - last fragments. Use `grep ^LRL | cut -f 2-` to extract this part. The columns are: read length, count
LRL	90	13070181
# Indel distribution. Use `grep ^ID | cut -f 2-` to extract this part. The columns are: length, number of insertions, number of deletions
ID	1	53847	38098
ID	2	5867	12418
ID	3	4877	8060
ID	4	210	2469
ID	5	32	1016
ID	6	49	1682
ID	7	8	67
ID	8	19	64
ID	9	87	160
ID	10	1	51
ID	11	1	27
ID	12	4	18
ID	13	0	3
ID	14	0	16
ID	15	0	10
ID	17	0	3
ID	18	1	1
ID	19	0	1
# Indels per cycle. Use `grep ^IC | cut -f 2-` to extract this part. The columns are: cycle, number of insertions (fwd), .. (rev) , number of deletions (fwd), .. (rev)
IC	1	0	0	1	0
IC	4	0	0	1	0
IC	5	0	0	18	37
IC	6	36	15	31	30
IC	7	120	73	46	119
IC	8	109	154	77	173
IC	9	111	412	204	233
IC	10	108	280	173	191
IC	11	64	223	196	222
IC	12	80	218	189	287
IC	13	114	282	162	297
IC	14	154	302	242	272
IC	15	121	278	471	328
IC	16	133	372	376	384
IC	17	198	462	584	363
IC	18	122	425	365	374
IC	19	164	475	378	347
IC	20	185	657	314	405
IC	21	247	452	325	390
IC	22	355	477	303	378
IC	23	296	465	550	422
IC	24	419	445	353	410
IC	25	300	452	345	410
IC	26	235	538	451	401
IC	27	207	520	408	403
IC	28	212	484	718	392
IC	29	282	518	507	403
IC	30	231	528	498	427
IC	31	245	490	533	380
IC	32	286	573	635	477
IC	33	246	520	780	456
IC	34	323	495	669	453
IC	35	464	562	553	436
IC	36	468	548	495	441
IC	37	557	586	375	481
IC	38	620	553	492	615
IC	39	363	517	511	584
IC	40	532	581	659	471
IC	41	446	695	623	1098
IC	42	374	515	572	468
IC	43	329	485	677	417
IC	44	362	567	594	407
IC	45	437	647	937	372
IC	46	566	493	500	454
IC	47	572	529	1329	432
IC	48	567	547	708	444
IC	49	759	552	430	423
IC	50	818	548	497	490
IC	51	441	504	461	448
IC	52	505	623	394	694
IC	53	422	495	559	370
IC	54	463	417	490	365
IC	55	397	506	407	446
IC	56	449	521	435	480
IC	57	621	547	401	392
IC	58	599	542	527	438
IC	59	450	638	665	406
IC	60	415	473	544	494
IC	61	461	642	489	380
IC	62	440	504	421	383
IC	63	422	703	407	394
IC	64	400	395	435	345
IC	65	592	469	526	416
IC	66	528	552	424	331
IC	67	534	440	419	339
IC	68	482	498	599	432
IC	69	598	477	427	389
IC	70	574	462	777	354
IC	71	497	408	411	345
IC	72	793	335	329	292
IC	73	566	390	386	321
IC	74	440	357	396	244
IC	75	436	281	300	281
IC	76	357	360	336	261
IC	77	363	255	285	300
IC	78	310	232	275	358
IC	79	247	261	270	253
IC	80	1304	369	211	251
IC	81	170	303	225	217
IC	82	169	270	222	213
IC	83	348	282	104	90
IC	84	113	94	37	40
IC	85	23	10	37	10
IC	86	4	8	4	5
# Coverage distribution. Use `grep ^COV | cut -f 2-` to extract this part.
COV	[1-1]	1	552827
COV	[2-2]	2	369710
COV	[3-3]	3	278087
COV	[4-4]	4	225762
COV	[5-5]	5	197640
COV	[6-6]	6	173926
COV	[7-7]	7	157874
COV	[8-8]	8	146112
COV	[9-9]	9	135587
COV	[10-10]	10	127002
COV	[11-11]	11	121182
COV	[12-12]	12	118443
COV	[13-13]	13	111667
COV	[14-14]	14	109344
COV	[15-15]	15	104053
COV	[16-16]	16	100996
COV	[17-17]	17	99959
COV	[18-18]	18	95239
COV	[19-19]	19	92977
COV	[20-20]	20	91749
COV	[21-21]	21	86475
COV	[22-22]	22	83900
COV	[23-23]	23	84114
COV	[24-24]	24	82346
COV	[25-25]	25	81736
COV	[26-26]	26	80510
COV	[27-27]	27	78584
COV	[28-28]	28	77806
COV	[29-29]	29	74956
COV	[30-30]	30	73356
COV	[31-31]	31	72261
COV	[32-32]	32	71760
COV	[33-33]	33	69091
COV	[34-34]	34	67496
COV	[35-35]	35	68243
COV	[36-36]	36	65878
COV	[37-37]	37	64360
COV	[38-38]	38	62571
COV	[39-39]	39	61953
COV	[40-40]	40	60972
COV	[41-41]	41	59267
COV	[42-42]	42	57418
COV	[43-43]	43	57325
COV	[44-44]	44	57544
COV	[45-45]	45	55785
COV	[46-46]	46	56282
COV	[47-47]	47	55489
COV	[48-48]	48	53573
COV	[49-49]	49	53653
COV	[50-50]	50	52073
COV	[51-51]	51	52458
COV	[52-52]	52	50725
COV	[53-53]	53	49711
COV	[54-54]	54	48765
COV	[55-55]	55	48443
COV	[56-56]	56	47678
COV	[57-57]	57	47014
COV	[58-58]	58	46426
COV	[59-59]	59	46618
COV	[60-60]	60	45111
COV	[61-61]	61	44735
COV	[62-62]	62	43648
COV	[63-63]	63	43531
COV	[64-64]	64	43292
COV	[65-65]	65	43079
COV	[66-66]	66	42218
COV	[67-67]	67	41170
COV	[68-68]	68	40849
COV	[69-69]	69	41109
COV	[70-70]	70	39623
COV	[71-71]	71	38434
COV	[72-72]	72	38022
COV	[73-73]	73	38897
COV	[74-74]	74	37855
COV	[75-75]	75	37374
COV	[76-76]	76	37257
COV	[77-77]	77	36417
COV	[78-78]	78	36236
COV	[79-79]	79	35419
COV	[80-80]	80	35069
COV	[81-81]	81	34915
COV	[82-82]	82	34311
COV	[83-83]	83	34409
COV	[84-84]	84	33676
COV	[85-85]	85	33351
COV	[86-86]	86	33143
COV	[87-87]	87	32731
COV	[88-88]	88	31606
COV	[89-89]	89	31674
COV	[90-90]	90	31423
COV	[91-91]	91	30913
COV	[92-92]	92	31098
COV	[93-93]	93	30931
COV	[94-94]	94	30436
COV	[95-95]	95	29875
COV	[96-96]	96	29422
COV	[97-97]	97	29629
COV	[98-98]	98	29373
COV	[99-99]	99	28249
COV	[100-100]	100	27986
COV	[101-101]	101	28426
COV	[102-102]	102	27885
COV	[103-103]	103	27512
COV	[104-104]	104	27529
COV	[105-105]	105	27088
COV	[106-106]	106	26860
COV	[107-107]	107	26256
COV	[108-108]	108	26069
COV	[109-109]	109	26353
COV	[110-110]	110	26103
COV	[111-111]	111	25150
COV	[112-112]	112	25231
COV	[113-113]	113	24519
COV	[114-114]	114	24390
COV	[115-115]	115	24335
COV	[116-116]	116	23861
COV	[117-117]	117	24324
COV	[118-118]	118	24190
COV	[119-119]	119	23431
COV	[120-120]	120	23757
COV	[121-121]	121	23476
COV	[122-122]	122	23045
COV	[123-123]	123	22415
COV	[124-124]	124	22388
COV	[125-125]	125	22293
COV	[126-126]	126	22009
COV	[127-127]	127	21657
COV	[128-128]	128	21729
COV	[129-129]	129	21707
COV	[130-130]	130	21419
COV	[131-131]	131	21277
COV	[132-132]	132	21047
COV	[133-133]	133	20941
COV	[134-134]	134	20698
COV	[135-135]	135	20324
COV	[136-136]	136	20109
COV	[137-137]	137	20419
COV	[138-138]	138	19686
COV	[139-139]	139	20252
COV	[140-140]	140	20243
COV	[141-141]	141	19686
COV	[142-142]	142	19512
COV	[143-143]	143	19126
COV	[144-144]	144	19001
COV	[145-145]	145	19408
COV	[146-146]	146	19133
COV	[147-147]	147	18636
COV	[148-148]	148	18381
COV	[149-149]	149	18045
COV	[150-150]	150	17716
COV	[151-151]	151	17515
COV	[152-152]	152	17556
COV	[153-153]	153	17373
COV	[154-154]	154	16915
COV	[155-155]	155	16897
COV	[156-156]	156	16973
COV	[157-157]	157	17089
COV	[158-158]	158	16677
COV	[159-159]	159	16230
COV	[160-160]	160	16283
COV	[161-161]	161	16206
COV	[162-162]	162	16233
COV	[163-163]	163	15862
COV	[164-164]	164	16003
COV	[165-165]	165	16271
COV	[166-166]	166	15665
COV	[167-167]	167	15551
COV	[168-168]	168	15200
COV	[169-169]	169	15072
COV	[170-170]	170	14903
COV	[171-171]	171	14948
COV	[172-172]	172	14811
COV	[173-173]	173	14794
COV	[174-174]	174	14746
COV	[175-175]	175	14346
COV	[176-176]	176	14546
COV	[177-177]	177	14335
COV	[178-178]	178	13975
COV	[179-179]	179	13724
COV	[180-180]	180	14025
COV	[181-181]	181	14256
COV	[182-182]	182	13958
COV	[183-183]	183	13849
COV	[184-184]	184	13537
COV	[185-185]	185	13754
COV	[186-186]	186	13497
COV	[187-187]	187	13279
COV	[188-188]	188	13482
COV	[189-189]	189	13130
COV	[190-190]	190	13055
COV	[191-191]	191	13294
COV	[192-192]	192	13246
COV	[193-193]	193	13454
COV	[194-194]	194	13104
COV	[195-195]	195	12732
COV	[196-196]	196	12775
COV	[197-197]	197	12402
COV	[198-198]	198	12341
COV	[199-199]	199	12529
COV	[200-200]	200	12253
COV	[201-201]	201	12370
COV	[202-202]	202	12044
COV	[203-203]	203	12034
COV	[204-204]	204	11847
COV	[205-205]	205	11969
COV	[206-206]	206	11936
COV	[207-207]	207	11754
COV	[208-208]	208	12052
COV	[209-209]	209	11577
COV	[210-210]	210	11531
COV	[211-211]	211	11638
COV	[212-212]	212	11583
COV	[213-213]	213	11525
COV	[214-214]	214	11603
COV	[215-215]	215	11551
COV	[216-216]	216	11020
COV	[217-217]	217	11027
COV	[218-218]	218	11022
COV	[219-219]	219	10770
COV	[220-220]	220	10615
COV	[221-221]	221	10751
COV	[222-222]	222	10644
COV	[223-223]	223	10376
COV	[224-224]	224	10538
COV	[225-225]	225	10174
COV	[226-226]	226	10375
COV	[227-227]	227	10149
COV	[228-228]	228	10279
COV	[229-229]	229	10152
COV	[230-230]	230	9959
COV	[231-231]	231	9850
COV	[232-232]	232	9899
COV	[233-233]	233	9610
COV	[234-234]	234	9964
COV	[235-235]	235	9524
COV	[236-236]	236	9648
COV	[237-237]	237	9732
COV	[238-238]	238	9600
COV	[239-239]	239	9438
COV	[240-240]	240	9209
COV	[241-241]	241	9418
COV	[242-242]	242	8976
COV	[243-243]	243	8976
COV	[244-244]	244	9011
COV	[245-245]	245	8855
COV	[246-246]	246	9030
COV	[247-247]	247	9087
COV	[248-248]	248	8863
COV	[249-249]	249	8971
COV	[250-250]	250	8725
COV	[251-251]	251	8780
COV	[252-252]	252	8897
COV	[253-253]	253	8524
COV	[254-254]	254	8243
COV	[255-255]	255	8119
COV	[256-256]	256	8153
COV	[257-257]	257	8417
COV	[258-258]	258	8158
COV	[259-259]	259	8417
COV	[260-260]	260	8323
COV	[261-261]	261	8153
COV	[262-262]	262	7988
COV	[263-263]	263	8308
COV	[264-264]	264	7913
COV	[265-265]	265	7807
COV	[266-266]	266	7741
COV	[267-267]	267	7769
COV	[268-268]	268	7525
COV	[269-269]	269	7766
COV	[270-270]	270	7876
COV	[271-271]	271	7450
COV	[272-272]	272	7405
COV	[273-273]	273	7451
COV	[274-274]	274	7339
COV	[275-275]	275	7540
COV	[276-276]	276	7348
COV	[277-277]	277	7259
COV	[278-278]	278	7426
COV	[279-279]	279	7291
COV	[280-280]	280	7323
COV	[281-281]	281	7132
COV	[282-282]	282	7210
COV	[283-283]	283	7199
COV	[284-284]	284	7060
COV	[285-285]	285	6999
COV	[286-286]	286	6888
COV	[287-287]	287	7190
COV	[288-288]	288	6960
COV	[289-289]	289	6848
COV	[290-290]	290	6786
COV	[291-291]	291	6591
COV	[292-292]	292	6602
COV	[293-293]	293	6510
COV	[294-294]	294	6464
COV	[295-295]	295	6433
COV	[296-296]	296	6673
COV	[297-297]	297	6522
COV	[298-298]	298	6515
COV	[299-299]	299	6814
COV	[300-300]	300	6504
COV	[301-301]	301	6468
COV	[302-302]	302	6459
COV	[303-303]	303	6373
COV	[304-304]	304	6165
COV	[305-305]	305	6158
COV	[306-306]	306	6224
COV	[307-307]	307	6148
COV	[308-308]	308	6319
COV	[309-309]	309	6432
COV	[310-310]	310	6103
COV	[311-311]	311	6057
COV	[312-312]	312	5986
COV	[313-313]	313	5882
COV	[314-314]	314	5824
COV	[315-315]	315	5664
COV	[316-316]	316	5950
COV	[317-317]	317	5841
COV	[318-318]	318	5886
COV	[319-319]	319	5811
COV	[320-320]	320	5824
COV	[321-321]	321	5795
COV	[322-322]	322	5719
COV	[323-323]	323	5698
COV	[324-324]	324	5607
COV	[325-325]	325	5440
COV	[326-326]	326	5532
COV	[327-327]	327	5659
COV	[328-328]	328	5636
COV	[329-329]	329	5589
COV	[330-330]	330	5587
COV	[331-331]	331	5660
COV	[332-332]	332	5634
COV	[333-333]	333	5514
COV	[334-334]	334	5527
COV	[335-335]	335	5266
COV	[336-336]	336	5261
COV	[337-337]	337	4993
COV	[338-338]	338	5160
COV	[339-339]	339	5076
COV	[340-340]	340	5109
COV	[341-341]	341	5133
COV	[342-342]	342	4874
COV	[343-343]	343	5052
COV	[344-344]	344	5036
COV	[345-345]	345	4940
COV	[346-346]	346	4829
COV	[347-347]	347	4931
COV	[348-348]	348	4825
COV	[349-349]	349	4918
COV	[350-350]	350	4813
COV	[351-351]	351	4987
COV	[352-352]	352	4815
COV	[353-353]	353	4812
COV	[354-354]	354	4959
COV	[355-355]	355	4771
COV	[356-356]	356	4776
COV	[357-357]	357	4669
COV	[358-358]	358	4692
COV	[359-359]	359	4560
COV	[360-360]	360	4609
COV	[361-361]	361	4595
COV	[362-362]	362	4718
COV	[363-363]	363	4619
COV	[364-364]	364	4784
COV	[365-365]	365	4599
COV	[366-366]	366	4548
COV	[367-367]	367	4574
COV	[368-368]	368	4500
COV	[369-369]	369	4403
COV	[370-370]	370	4455
COV	[371-371]	371	4482
COV	[372-372]	372	4484
COV	[373-373]	373	4214
COV	[374-374]	374	4247
COV	[375-375]	375	4465
COV	[376-376]	376	4242
COV	[377-377]	377	4339
COV	[378-378]	378	4349
COV	[379-379]	379	4365
COV	[380-380]	380	4269
COV	[381-381]	381	4391
COV	[382-382]	382	4167
COV	[383-383]	383	4144
COV	[384-384]	384	4184
COV	[385-385]	385	4312
COV	[386-386]	386	4267
COV	[387-387]	387	4217
COV	[388-388]	388	4372
COV	[389-389]	389	4189
COV	[390-390]	390	4092
COV	[391-391]	391	4142
COV	[392-392]	392	4026
COV	[393-393]	393	4227
COV	[394-394]	394	4149
COV	[395-395]	395	3972
COV	[396-396]	396	3860
COV	[397-397]	397	4067
COV	[398-398]	398	3923
COV	[399-399]	399	3698
COV	[400-400]	400	3945
COV	[401-401]	401	3807
COV	[402-402]	402	3707
COV	[403-403]	403	3820
COV	[404-404]	404	3788
COV	[405-405]	405	3917
COV	[406-406]	406	3689
COV	[407-407]	407	3666
COV	[408-408]	408	3775
COV	[409-409]	409	3742
COV	[410-410]	410	3757
COV	[411-411]	411	3674
COV	[412-412]	412	3713
COV	[413-413]	413	3795
COV	[414-414]	414	3566
COV	[415-415]	415	3674
COV	[416-416]	416	3596
COV	[417-417]	417	3463
COV	[418-418]	418	3443
COV	[419-419]	419	3512
COV	[420-420]	420	3559
COV	[421-421]	421	3529
COV	[422-422]	422	3572
COV	[423-423]	423	3658
COV	[424-424]	424	3571
COV	[425-425]	425	3492
COV	[426-426]	426	3441
COV	[427-427]	427	3546
COV	[428-428]	428	3552
COV	[429-429]	429	3508
COV	[430-430]	430	3284
COV	[431-431]	431	3327
COV	[432-432]	432	3272
COV	[433-433]	433	3236
COV	[434-434]	434	3316
COV	[435-435]	435	3377
COV	[436-436]	436	3242
COV	[437-437]	437	3214
COV	[438-438]	438	3218
COV	[439-439]	439	3208
COV	[440-440]	440	3200
COV	[441-441]	441	3142
COV	[442-442]	442	3084
COV	[443-443]	443	3093
COV	[444-444]	444	3106
COV	[445-445]	445	3118
COV	[446-446]	446	2946
COV	[447-447]	447	3083
COV	[448-448]	448	3140
COV	[449-449]	449	3013
COV	[450-450]	450	3019
COV	[451-451]	451	3045
COV	[452-452]	452	3087
COV	[453-453]	453	3130
COV	[454-454]	454	2872
COV	[455-455]	455	2951
COV	[456-456]	456	3000
COV	[457-457]	457	2981
COV	[458-458]	458	3030
COV	[459-459]	459	3071
COV	[460-460]	460	3028
COV	[461-461]	461	3113
COV	[462-462]	462	3023
COV	[463-463]	463	2863
COV	[464-464]	464	2790
COV	[465-465]	465	2932
COV	[466-466]	466	2856
COV	[467-467]	467	2788
COV	[468-468]	468	2929
COV	[469-469]	469	2862
COV	[470-470]	470	2853
COV	[471-471]	471	2707
COV	[472-472]	472	2814
COV	[473-473]	473	2814
COV	[474-474]	474	2788
COV	[475-475]	475	2749
COV	[476-476]	476	2749
COV	[477-477]	477	2749
COV	[478-478]	478	2613
COV	[479-479]	479	2697
COV	[480-480]	480	2617
COV	[481-481]	481	2708
COV	[482-482]	482	2614
COV	[483-483]	483	2749
COV	[484-484]	484	2628
COV	[485-485]	485	2674
COV	[486-486]	486	2602
COV	[487-487]	487	2649
COV	[488-488]	488	2535
COV	[489-489]	489	2705
COV	[490-490]	490	2567
COV	[491-491]	491	2494
COV	[492-492]	492	2665
COV	[493-493]	493	2524
COV	[494-494]	494	2415
COV	[495-495]	495	2507
COV	[496-496]	496	2481
COV	[497-497]	497	2497
COV	[498-498]	498	2517
COV	[499-499]	499	2437
COV	[500-500]	500	2532
COV	[501-501]	501	2519
COV	[502-502]	502	2510
COV	[503-503]	503	2495
COV	[504-504]	504	2550
COV	[505-505]	505	2564
COV	[506-506]	506	2487
COV	[507-507]	507	2507
COV	[508-508]	508	2395
COV	[509-509]	509	2401
COV	[510-510]	510	2439
COV	[511-511]	511	2331
COV	[512-512]	512	2361
COV	[513-513]	513	2403
COV	[514-514]	514	2314
COV	[515-515]	515	2450
COV	[516-516]	516	2438
COV	[517-517]	517	2305
COV	[518-518]	518	2451
COV	[519-519]	519	2392
COV	[520-520]	520	2433
COV	[521-521]	521	2226
COV	[522-522]	522	2242
COV	[523-523]	523	2307
COV	[524-524]	524	2299
COV	[525-525]	525	2289
COV	[526-526]	526	2305
COV	[527-527]	527	2219
COV	[528-528]	528	2343
COV	[529-529]	529	2278
COV	[530-530]	530	2159
COV	[531-531]	531	2105
COV	[532-532]	532	2273
COV	[533-533]	533	2247
COV	[534-534]	534	2228
COV	[535-535]	535	2121
COV	[536-536]	536	2055
COV	[537-537]	537	2119
COV	[538-538]	538	2054
COV	[539-539]	539	2040
COV	[540-540]	540	2117
COV	[541-541]	541	1988
COV	[542-542]	542	2115
COV	[543-543]	543	2214
COV	[544-544]	544	2096
COV	[545-545]	545	2115
COV	[546-546]	546	2163
COV	[547-547]	547	2079
COV	[548-548]	548	2044
COV	[549-549]	549	1937
COV	[550-550]	550	2025
COV	[551-551]	551	2071
COV	[552-552]	552	1967
COV	[553-553]	553	2105
COV	[554-554]	554	1936
COV	[555-555]	555	1960
COV	[556-556]	556	1904
COV	[557-557]	557	1971
COV	[558-558]	558	2001
COV	[559-559]	559	1986
COV	[560-560]	560	2014
COV	[561-561]	561	1931
COV	[562-562]	562	1828
COV	[563-563]	563	1987
COV	[564-564]	564	1732
COV	[565-565]	565	1791
COV	[566-566]	566	1883
COV	[567-567]	567	1775
COV	[568-568]	568	1728
COV	[569-569]	569	1707
COV	[570-570]	570	1777
COV	[571-571]	571	1709
COV	[572-572]	572	1701
COV	[573-573]	573	1835
COV	[574-574]	574	1839
COV	[575-575]	575	1843
COV	[576-576]	576	1708
COV	[577-577]	577	1823
COV	[578-578]	578	1700
COV	[579-579]	579	1825
COV	[580-580]	580	1814
COV	[581-581]	581	1864
COV	[582-582]	582	1845
COV	[583-583]	583	1725
COV	[584-584]	584	1810
COV	[585-585]	585	1797
COV	[586-586]	586	1918
COV	[587-587]	587	1783
COV	[588-588]	588	1844
COV	[589-589]	589	1787
COV	[590-590]	590	1678
COV	[591-591]	591	1753
COV	[592-592]	592	1712
COV	[593-593]	593	1651
COV	[594-594]	594	1707
COV	[595-595]	595	1728
COV	[596-596]	596	1644
COV	[597-597]	597	1740
COV	[598-598]	598	1737
COV	[599-599]	599	1687
COV	[600-600]	600	1671
COV	[601-601]	601	1798
COV	[602-602]	602	1666
COV	[603-603]	603	1634
COV	[604-604]	604	1720
COV	[605-605]	605	1769
COV	[606-606]	606	1652
COV	[607-607]	607	1639
COV	[608-608]	608	1758
COV	[609-609]	609	1720
COV	[610-610]	610	1619
COV	[611-611]	611	1679
COV	[612-612]	612	1665
COV	[613-613]	613	1546
COV	[614-614]	614	1644
COV	[615-615]	615	1686
COV	[616-616]	616	1638
COV	[617-617]	617	1648
COV	[618-618]	618	1654
COV	[619-619]	619	1529
COV	[620-620]	620	1619
COV	[621-621]	621	1603
COV	[622-622]	622	1526
COV	[623-623]	623	1524
COV	[624-624]	624	1531
COV	[625-625]	625	1526
COV	[626-626]	626	1587
COV	[627-627]	627	1552
COV	[628-628]	628	1583
COV	[629-629]	629	1526
COV	[630-630]	630	1557
COV	[631-631]	631	1485
COV	[632-632]	632	1537
COV	[633-633]	633	1484
COV	[634-634]	634	1478
COV	[635-635]	635	1530
COV	[636-636]	636	1445
COV	[637-637]	637	1482
COV	[638-638]	638	1427
COV	[639-639]	639	1404
COV	[640-640]	640	1494
COV	[641-641]	641	1386
COV	[642-642]	642	1404
COV	[643-643]	643	1532
COV	[644-644]	644	1454
COV	[645-645]	645	1436
COV	[646-646]	646	1414
COV	[647-647]	647	1371
COV	[648-648]	648	1283
COV	[649-649]	649	1402
COV	[650-650]	650	1359
COV	[651-651]	651	1347
COV	[652-652]	652	1331
COV	[653-653]	653	1320
COV	[654-654]	654	1319
COV	[655-655]	655	1409
COV	[656-656]	656	1320
COV	[657-657]	657	1304
COV	[658-658]	658	1374
COV	[659-659]	659	1362
COV	[660-660]	660	1334
COV	[661-661]	661	1410
COV	[662-662]	662	1280
COV	[663-663]	663	1272
COV	[664-664]	664	1415
COV	[665-665]	665	1352
COV	[666-666]	666	1321
COV	[667-667]	667	1326
COV	[668-668]	668	1319
COV	[669-669]	669	1328
COV	[670-670]	670	1256
COV	[671-671]	671	1325
COV	[672-672]	672	1293
COV	[673-673]	673	1313
COV	[674-674]	674	1232
COV	[675-675]	675	1293
COV	[676-676]	676	1362
COV	[677-677]	677	1379
COV	[678-678]	678	1443
COV	[679-679]	679	1319
COV	[680-680]	680	1274
COV	[681-681]	681	1287
COV	[682-682]	682	1264
COV	[683-683]	683	1294
COV	[684-684]	684	1231
COV	[685-685]	685	1268
COV	[686-686]	686	1269
COV	[687-687]	687	1140
COV	[688-688]	688	1264
COV	[689-689]	689	1210
COV	[690-690]	690	1190
COV	[691-691]	691	1218
COV	[692-692]	692	1167
COV	[693-693]	693	1250
COV	[694-694]	694	1250
COV	[695-695]	695	1232
COV	[696-696]	696	1216
COV	[697-697]	697	1232
COV	[698-698]	698	1265
COV	[699-699]	699	1230
COV	[700-700]	700	1196
COV	[701-701]	701	1088
COV	[702-702]	702	1153
COV	[703-703]	703	1180
COV	[704-704]	704	1112
COV	[705-705]	705	1152
COV	[706-706]	706	1145
COV	[707-707]	707	1244
COV	[708-708]	708	1169
COV	[709-709]	709	1128
COV	[710-710]	710	1158
COV	[711-711]	711	1065
COV	[712-712]	712	1062
COV	[713-713]	713	1148
COV	[714-714]	714	1124
COV	[715-715]	715	1065
COV	[716-716]	716	1053
COV	[717-717]	717	1099
COV	[718-718]	718	1054
COV	[719-719]	719	1086
COV	[720-720]	720	1024
COV	[721-721]	721	1004
COV	[722-722]	722	984
COV	[723-723]	723	1124
COV	[724-724]	724	1099
COV	[725-725]	725	1044
COV	[726-726]	726	1051
COV	[727-727]	727	957
COV	[728-728]	728	1015
COV	[729-729]	729	994
COV	[730-730]	730	979
COV	[731-731]	731	1007
COV	[732-732]	732	1025
COV	[733-733]	733	927
COV	[734-734]	734	983
COV	[735-735]	735	967
COV	[736-736]	736	923
COV	[737-737]	737	962
COV	[738-738]	738	941
COV	[739-739]	739	908
COV	[740-740]	740	980
COV	[741-741]	741	947
COV	[742-742]	742	921
COV	[743-743]	743	947
COV	[744-744]	744	962
COV	[745-745]	745	1007
COV	[746-746]	746	1000
COV	[747-747]	747	964
COV	[748-748]	748	955
COV	[749-749]	749	934
COV	[750-750]	750	927
COV	[751-751]	751	880
COV	[752-752]	752	985
COV	[753-753]	753	1008
COV	[754-754]	754	971
COV	[755-755]	755	933
COV	[756-756]	756	908
COV	[757-757]	757	1013
COV	[758-758]	758	923
COV	[759-759]	759	891
COV	[760-760]	760	881
COV	[761-761]	761	973
COV	[762-762]	762	978
COV	[763-763]	763	936
COV	[764-764]	764	875
COV	[765-765]	765	964
COV	[766-766]	766	943
COV	[767-767]	767	943
COV	[768-768]	768	979
COV	[769-769]	769	902
COV	[770-770]	770	903
COV	[771-771]	771	914
COV	[772-772]	772	926
COV	[773-773]	773	943
COV	[774-774]	774	873
COV	[775-775]	775	938
COV	[776-776]	776	975
COV	[777-777]	777	962
COV	[778-778]	778	906
COV	[779-779]	779	955
COV	[780-780]	780	904
COV	[781-781]	781	863
COV	[782-782]	782	874
COV	[783-783]	783	940
COV	[784-784]	784	853
COV	[785-785]	785	871
COV	[786-786]	786	860
COV	[787-787]	787	904
COV	[788-788]	788	922
COV	[789-789]	789	943
COV	[790-790]	790	828
COV	[791-791]	791	901
COV	[792-792]	792	967
COV	[793-793]	793	888
COV	[794-794]	794	920
COV	[795-795]	795	943
COV	[796-796]	796	873
COV	[797-797]	797	957
COV	[798-798]	798	910
COV	[799-799]	799	850
COV	[800-800]	800	867
COV	[801-801]	801	897
COV	[802-802]	802	872
COV	[803-803]	803	871
COV	[804-804]	804	846
COV	[805-805]	805	840
COV	[806-806]	806	885
COV	[807-807]	807	938
COV	[808-808]	808	884
COV	[809-809]	809	854
COV	[810-810]	810	940
COV	[811-811]	811	846
COV	[812-812]	812	822
COV	[813-813]	813	839
COV	[814-814]	814	835
COV	[815-815]	815	831
COV	[816-816]	816	828
COV	[817-817]	817	857
COV	[818-818]	818	818
COV	[819-819]	819	784
COV	[820-820]	820	834
COV	[821-821]	821	881
COV	[822-822]	822	863
COV	[823-823]	823	820
COV	[824-824]	824	842
COV	[825-825]	825	829
COV	[826-826]	826	869
COV	[827-827]	827	862
COV	[828-828]	828	850
COV	[829-829]	829	852
COV	[830-830]	830	809
COV	[831-831]	831	873
COV	[832-832]	832	836
COV	[833-833]	833	776
COV	[834-834]	834	722
COV	[835-835]	835	827
COV	[836-836]	836	866
COV	[837-837]	837	852
COV	[838-838]	838	798
COV	[839-839]	839	821
COV	[840-840]	840	842
COV	[841-841]	841	775
COV	[842-842]	842	764
COV	[843-843]	843	796
COV	[844-844]	844	786
COV	[845-845]	845	795
COV	[846-846]	846	795
COV	[847-847]	847	793
COV	[848-848]	848	789
COV	[849-849]	849	783
COV	[850-850]	850	765
COV	[851-851]	851	775
COV	[852-852]	852	757
COV	[853-853]	853	815
COV	[854-854]	854	753
COV	[855-855]	855	766
COV	[856-856]	856	793
COV	[857-857]	857	732
COV	[858-858]	858	827
COV	[859-859]	859	755
COV	[860-860]	860	790
COV	[861-861]	861	794
COV	[862-862]	862	790
COV	[863-863]	863	785
COV	[864-864]	864	697
COV	[865-865]	865	706
COV	[866-866]	866	738
COV	[867-867]	867	731
COV	[868-868]	868	710
COV	[869-869]	869	713
COV	[870-870]	870	682
COV	[871-871]	871	733
COV	[872-872]	872	700
COV	[873-873]	873	736
COV	[874-874]	874	720
COV	[875-875]	875	716
COV	[876-876]	876	725
COV	[877-877]	877	768
COV	[878-878]	878	735
COV	[879-879]	879	701
COV	[880-880]	880	687
COV	[881-881]	881	679
COV	[882-882]	882	697
COV	[883-883]	883	679
COV	[884-884]	884	673
COV	[885-885]	885	660
COV	[886-886]	886	661
COV	[887-887]	887	657
COV	[888-888]	888	649
COV	[889-889]	889	697
COV	[890-890]	890	637
COV	[891-891]	891	714
COV	[892-892]	892	642
COV	[893-893]	893	674
COV	[894-894]	894	668
COV	[895-895]	895	648
COV	[896-896]	896	652
COV	[897-897]	897	646
COV	[898-898]	898	619
COV	[899-899]	899	650
COV	[900-900]	900	649
COV	[901-901]	901	612
COV	[902-902]	902	641
COV	[903-903]	903	655
COV	[904-904]	904	602
COV	[905-905]	905	625
COV	[906-906]	906	692
COV	[907-907]	907	616
COV	[908-908]	908	593
COV	[909-909]	909	641
COV	[910-910]	910	626
COV	[911-911]	911	673
COV	[912-912]	912	623
COV	[913-913]	913	655
COV	[914-914]	914	581
COV	[915-915]	915	649
COV	[916-916]	916	684
COV	[917-917]	917	660
COV	[918-918]	918	598
COV	[919-919]	919	617
COV	[920-920]	920	583
COV	[921-921]	921	591
COV	[922-922]	922	654
COV	[923-923]	923	629
COV	[924-924]	924	576
COV	[925-925]	925	561
COV	[926-926]	926	622
COV	[927-927]	927	623
COV	[928-928]	928	598
COV	[929-929]	929	591
COV	[930-930]	930	633
COV	[931-931]	931	584
COV	[932-932]	932	625
COV	[933-933]	933	638
COV	[934-934]	934	587
COV	[935-935]	935	602
COV	[936-936]	936	627
COV	[937-937]	937	639
COV	[938-938]	938	653
COV	[939-939]	939	649
COV	[940-940]	940	558
COV	[941-941]	941	575
COV	[942-942]	942	598
COV	[943-943]	943	580
COV	[944-944]	944	535
COV	[945-945]	945	537
COV	[946-946]	946	608
COV	[947-947]	947	544
COV	[948-948]	948	542
COV	[949-949]	949	569
COV	[950-950]	950	589
COV	[951-951]	951	626
COV	[952-952]	952	599
COV	[953-953]	953	635
COV	[954-954]	954	629
COV	[955-955]	955	623
COV	[956-956]	956	592
COV	[957-957]	957	574
COV	[958-958]	958	625
COV	[959-959]	959	602
COV	[960-960]	960	582
COV	[961-961]	961	505
COV	[962-962]	962	529
COV	[963-963]	963	580
COV	[964-964]	964	594
COV	[965-965]	965	542
COV	[966-966]	966	547
COV	[967-967]	967	591
COV	[968-968]	968	553
COV	[969-969]	969	553
COV	[970-970]	970	552
COV	[971-971]	971	557
COV	[972-972]	972	590
COV	[973-973]	973	566
COV	[974-974]	974	528
COV	[975-975]	975	541
COV	[976-976]	976	540
COV	[977-977]	977	553
COV	[978-978]	978	562
COV	[979-979]	979	545
COV	[980-980]	980	582
COV	[981-981]	981	540
COV	[982-982]	982	541
COV	[983-983]	983	519
COV	[984-984]	984	501
COV	[985-985]	985	539
COV	[986-986]	986	531
COV	[987-987]	987	547
COV	[988-988]	988	562
COV	[989-989]	989	583
COV	[990-990]	990	580
COV	[991-991]	991	606
COV	[992-992]	992	505
COV	[993-993]	993	519
COV	[994-994]	994	525
COV	[995-995]	995	512
COV	[996-996]	996	524
COV	[997-997]	997	557
COV	[998-998]	998	504
COV	[999-999]	999	525
COV	[1000-1000]	1000	538
COV	[1000<]	1000	353881
# GC-depth. Use `grep ^GCD | cut -f 2-` to extract this part. The columns are: GC%, unique sequence percentiles, 10th, 25th, 50th, 75th and 90th depth percentile
GCD	0.0	0.306	0.000	0.000	0.000	0.000	0.000
GCD	31.0	0.459	57.384	57.384	57.384	57.384	57.384
GCD	33.0	0.612	347.319	347.319	347.319	347.319	347.319
GCD	36.0	1.376	35.132	88.758	221.495	316.539	345.249
GCD	37.0	2.294	186.943	214.578	352.319	524.596	588.411
GCD	38.0	5.352	75.761	127.419	178.198	263.086	340.703
GCD	39.0	17.584	77.485	104.388	146.756	184.824	294.272
GCD	40.0	46.177	79.868	110.205	145.800	193.815	323.019
GCD	41.0	74.006	79.325	108.553	142.430	175.872	252.397
GCD	42.0	91.131	82.319	118.234	143.033	200.013	263.863
GCD	43.0	96.789	104.569	133.045	161.523	242.822	318.308
GCD	44.0	98.930	63.533	122.300	191.309	280.339	517.628
GCD	45.0	99.541	221.215	236.893	339.845	1161.971	1417.374
GCD	46.0	99.847	145.674	145.674	656.021	1166.369	1166.369
GCD	48.0	100.000	33.053	33.053	33.053	33.053	33.053
