# This file was produced by samtools stats (1.13+htslib-1.13+ds) and can be plotted using plot-bamstats
# This file contains statistics for all reads.
# The command line was:  stats /media/juan/01D9AF894E0C2760/WORKSHOP/rnaseq_fungi/SRR1278972/STAR_output/SRR1278972_Aligned.sortedByCoord.out.bam
# CHK, Checksum	[2]Read Names	[3]Sequences	[4]Qualities
# CHK, CRC32 of reads which passed filtering followed by addition (32bit overflow)
CHK	599d51f0	a4889d3f	6411a23c
# Summary Numbers. Use `grep ^SN | cut -f 2-` to extract this part.
SN	raw total sequences:	27174428	# excluding supplementary and secondary reads
SN	filtered sequences:	0
SN	sequences:	27174428
SN	is sorted:	1
SN	1st fragments:	13587214
SN	last fragments:	13587214
SN	reads mapped:	27174428
SN	reads mapped and paired:	27174428	# paired-end technology bit set + both mates mapped
SN	reads unmapped:	0
SN	reads properly paired:	27174428	# proper-pair bit set
SN	reads paired:	27174428	# paired-end technology bit set
SN	reads duplicated:	0	# PCR or optical duplicate bit set
SN	reads MQ0:	7074	# mapped and MQ=0
SN	reads QC failed:	0
SN	non-primary alignments:	809032
SN	supplementary alignments:	0
SN	total length:	2445698520	# ignores clipping
SN	total first fragment length:	1222849260	# ignores clipping
SN	total last fragment length:	1222849260	# ignores clipping
SN	bases mapped:	2445698520	# ignores clipping
SN	bases mapped (cigar):	2436687378	# more accurate
SN	bases trimmed:	0
SN	bases duplicated:	0
SN	mismatches:	0	# from NM fields
SN	error rate:	0.000000e+00	# mismatches / bases mapped (cigar)
SN	average length:	90
SN	average first fragment length:	90
SN	average last fragment length:	90
SN	maximum length:	90
SN	maximum first fragment length:	90
SN	maximum last fragment length:	90
SN	average quality:	36.7
SN	insert size average:	210.7
SN	insert size standard deviation:	14.6
SN	inward oriented pairs:	13585393
SN	outward oriented pairs:	1821
SN	pairs with other orientation:	0
SN	pairs on different chromosomes:	0
SN	percentage of properly paired reads (%):	100.0
# First Fragment Qualities. Use `grep ^FFQ | cut -f 2-` to extract this part.
# Columns correspond to qualities and rows to cycles. First column is the cycle number.
FFQ	1	0	0	23659	0	0	0	0	0	0	0	21308	0	0	0	0	0	29147	0	0	430	0	0	3856	37188	0	45436	91076	86761	116843	0	667996	4520342	0	1704103	6239069	0	0	0	0	0	0	0	0
FFQ	2	0	0	0	0	0	0	0	0	0	0	6103	0	0	0	0	0	40845	0	0	2466	0	0	12965	19394	0	32040	72109	148506	87678	0	544031	3634775	0	639410	8346892	0	0	0	0	0	0	0	0
FFQ	3	0	0	0	0	0	0	0	0	0	0	8413	0	0	0	0	0	21741	0	0	63	0	0	13831	22548	0	34521	80715	166227	94957	0	531958	3423146	0	507712	8681382	0	0	0	0	0	0	0	0
FFQ	4	0	0	0	0	0	0	0	0	0	0	7411	0	0	0	0	0	10520	0	0	10821	0	0	10043	0	0	22039	37231	4315	60862	1733	112980	3874	173488	299455	0	2654114	0	10178328	0	0	0	0	0
FFQ	5	0	0	0	0	0	0	0	0	0	0	15241	0	0	0	0	0	19158	0	0	17834	0	0	15362	0	0	37754	55404	5573	88575	1752	146725	4528	217690	354014	0	2858531	0	9749073	0	0	0	0	0
FFQ	6	0	0	0	0	0	0	230	0	9486	0	7392	871	0	0	131	12846	11153	9651	5887	2753	0	6846	1856	28457	198	47701	35127	24278	60510	25362	146579	133079	279064	233811	918	2914292	142950	9445786	0	0	0	0	0
FFQ	7	0	0	0	0	0	105	597	0	5903	0	8484	2249	92	0	278	9057	7623	14127	8196	3805	91	5310	2419	23940	307	44090	47957	27669	49466	25047	142525	95466	261381	281850	435	2862475	200346	9455924	0	0	0	0	0
FFQ	8	0	0	0	0	0	197	97	17	4204	1	8383	1848	96	0	59	7117	5167	15097	6873	4810	336	4445	2969	18093	264	44489	51761	28606	38671	27065	153891	63935	244386	317741	265	2701412	220100	9614819	0	0	0	0	0
FFQ	9	0	0	0	0	0	104	52	73	2344	4	9042	3119	101	18	39	3955	3711	17211	6534	6759	943	2673	2473	15284	464	44073	18184	67606	31195	29929	150802	25539	206199	222410	163341	782999	833	1476725	631135	9661341	0	0	0
FFQ	10	0	0	0	0	0	95	14	94	1976	38	10835	4978	73	2	22	2482	3212	18812	6859	9604	700	1809	1712	15152	538	45707	15144	79796	23215	35081	155786	16053	212098	238892	158411	802526	2978	1446631	702076	9573813	0	0	0
FFQ	11	0	0	0	0	0	68	11	69	1585	106	9500	4336	70	5	22	2321	2729	18472	6795	10116	473	1404	1196	15494	794	45548	14246	93621	12408	37549	160871	15507	213435	246882	157541	810203	7189	1439184	744075	9513389	0	0	0
FFQ	12	0	0	0	0	0	58	13	75	1570	155	9333	4645	58	2	24	1989	2798	18810	6647	10295	397	1319	1184	15696	876	45720	14185	102237	5626	37051	159944	14054	217714	243281	161204	810343	8605	1455856	747461	9487989	0	0	0
FFQ	13	0	0	0	0	0	36	13	94	1934	167	10377	4829	45	12	29	2623	3597	18549	7325	10500	439	1404	1329	17152	1094	47446	15871	104577	4875	37780	165713	18512	220042	245073	165710	826747	7876	1467118	782445	9395881	0	0	0
FFQ	14	0	0	0	0	0	44	24	122	2256	200	10368	4504	57	23	15	406	5119	19977	7548	10383	455	1602	1384	5709	13332	47713	16011	105237	4532	38249	76994	106487	170675	232989	199884	172164	520074	442198	1200314	894941	2456938	6818286	0
FFQ	15	0	0	0	0	0	38	31	108	2260	253	11134	4868	73	18	28	468	5331	20127	8099	10754	346	1620	1485	6089	14384	48378	16733	105499	5022	38797	77926	107283	170116	236711	197838	176949	525583	450021	1220646	901622	2481907	6738669	0
FFQ	16	0	0	0	0	0	48	20	109	2221	320	11509	4547	70	15	38	587	5421	20606	8771	10672	356	1825	1525	6323	15023	49668	17962	106238	5335	39741	80362	107969	168534	241209	192889	181106	522684	443836	1231093	900085	2507779	6700718	0
FFQ	17	0	0	0	0	0	70	47	113	2621	417	12498	4919	88	24	53	652	6169	20976	9114	11523	280	1930	1442	7172	16621	52278	18020	109567	5329	41407	83784	110885	173579	244881	197579	185319	528476	449036	1242762	902026	2534037	6611520	0
FFQ	18	0	0	0	0	0	48	49	144	2985	639	15168	6124	114	23	64	896	6548	21364	10437	13696	297	2252	1631	7835	19770	52749	18965	115129	5841	43244	87155	112314	177030	251222	204166	187609	536977	462146	1275410	951608	2594104	6401461	0
FFQ	19	0	0	25	0	0	91	45	246	4207	1099	19914	8051	135	36	75	1231	7150	2949	34503	14879	252	2525	1957	9236	21646	57069	20228	119688	6294	44316	92634	116715	181161	159473	305716	193242	457980	463535	1018761	1150710	2672600	6396840	0
FFQ	20	0	0	52	0	0	78	70	226	4258	1162	17533	6808	135	71	105	1890	7205	3943	33270	13580	216	2735	1869	10248	22619	54676	19923	118399	6582	43925	96408	119238	183151	160781	311266	198649	462124	475488	1037066	1173215	2690904	6307346	0
FFQ	21	0	0	154	0	0	74	82	283	3782	1311	15068	5160	179	118	123	1573	7340	4527	29947	12813	287	2604	2035	10573	24591	51416	19913	114040	6610	43979	98401	116946	178526	161383	311360	200900	467102	484204	1056150	1213978	2731588	6208094	0
FFQ	22	0	0	203	0	0	84	89	278	3977	1570	15030	4681	187	96	138	1664	8009	5703	27982	13342	297	2850	2142	11768	27756	51017	20849	114714	7136	45421	104200	119328	178965	166795	316449	207123	478771	492613	1094099	1231993	2751560	6078335	0
FFQ	23	0	0	328	0	0	91	120	362	5468	2349	16581	5101	196	133	143	1874	9650	7166	26522	14075	335	3049	2362	13494	32212	50117	21808	112835	7388	47213	111315	122345	173643	169763	317756	214072	484126	493928	1116621	1248383	2790160	5964130	0
FFQ	24	0	0	550	0	0	130	119	372	4999	2851	15711	4174	208	222	202	2362	10457	8547	25347	14785	377	3041	2463	14659	36717	48029	22638	112346	7831	47809	117825	122295	171326	172521	323543	223630	489607	503158	1159173	1206276	2719107	5991807	0
FFQ	25	0	0	873	0	0	125	144	418	5923	3671	15986	3617	232	224	226	2834	10914	9545	22879	15430	448	3695	2459	15711	42491	46337	22886	110791	8411	49872	123623	125402	168309	177181	324186	229452	493798	496164	1197061	1193527	2792732	5869637	0
FFQ	26	0	0	1358	0	0	185	311	666	9466	7021	22265	4371	278	363	318	3780	13524	11953	22364	16495	513	4334	2777	17702	48837	45146	23648	108809	8760	51951	133232	128067	163565	182358	328115	240906	503451	504715	1236007	1171851	2877194	5690558	0
FFQ	27	0	0	1821	0	0	234	346	842	10346	9474	21756	3488	367	424	374	4820	16098	13919	20552	16904	686	4760	3271	17934	54393	45335	24204	108438	8852	52501	142971	130927	159785	187286	329483	253970	510202	510857	1278956	1167935	2946939	5525764	0
FFQ	28	0	0	2316	0	0	286	361	903	11901	11979	21427	2464	384	466	398	5830	18350	15074	18416	17575	718	5317	3428	18944	60460	46098	25042	106088	9100	54221	154952	132857	153454	191951	331038	267312	517599	511053	1323530	1137244	3029900	5378778	0
FFQ	29	0	0	2809	0	0	289	425	1037	13171	15107	19554	1524	539	502	494	7095	20816	15079	17314	17517	944	5753	3661	19755	64516	48428	25905	104047	9551	55848	167796	135150	146785	196673	335549	279060	516144	519363	1356480	1124069	3094554	5243911	0
FFQ	30	0	0	3398	0	0	238	516	1135	14940	18949	17994	874	528	643	578	8330	22817	13538	16285	18554	1044	6142	3828	20025	69701	51359	26316	98198	10588	56783	181100	136549	137836	207087	338529	301202	519756	532670	1409932	1114800	3169046	5055406	0
FFQ	31	0	0	4518	0	0	200	451	1160	13232	18056	12600	403	536	840	661	8787	26025	12409	12316	14387	1035	5455	3378	19316	60548	57211	22523	81428	9703	44565	193940	120771	116927	189945	307735	300814	453799	519375	1273484	1149553	2774392	5754736	0
FFQ	32	0	0	6113	0	0	215	581	1313	15505	21834	10103	263	562	917	839	11134	28335	9765	12377	14799	941	5975	3761	20593	63128	61297	23633	77717	10523	45156	209012	122421	106055	197995	302642	320005	445013	511334	1279005	1090515	2736407	5819431	0
FFQ	33	0	0	8299	0	0	220	706	1726	17454	27500	7999	147	712	1169	1091	13351	31961	7799	12780	16010	1192	6789	4444	20357	66453	64999	24659	74647	11688	47108	216544	124372	98044	206012	297562	343935	436231	514874	1309166	1035840	2736932	5796442	0
FFQ	34	0	0	10443	0	0	211	667	1913	16057	27428	4815	169	761	1325	1553	15441	32563	5566	13100	16016	1186	6990	4895	21162	67174	68599	26201	70746	12568	48338	221819	127966	92394	214753	291732	362865	425987	512542	1334230	999367	2763459	5764213	0
FFQ	35	0	0	12796	0	0	215	845	2413	17712	30027	2906	185	889	1520	1695	17086	30964	3419	13481	16499	1362	7797	5610	21571	69363	67759	27337	68743	14228	49798	228683	131127	87153	226047	285665	384602	409936	518984	1356019	969920	2778423	5724435	0
FFQ	36	0	0	14697	0	0	227	955	2725	17911	30802	1628	192	954	1909	1867	18864	29951	2197	13181	16309	1498	8686	6054	22570	68848	67747	28297	65642	16073	50123	228921	131879	84040	232962	278050	403315	395242	524309	1368243	954204	2793388	5702754	0
FFQ	37	0	0	17066	0	0	268	1109	3214	18666	33829	902	201	1134	2062	2301	21573	28315	1822	13490	16972	1918	9504	6345	23531	70803	66054	29656	66603	16753	52050	231691	136514	84843	244317	272659	426601	381928	524430	1379212	934149	2800426	5664303	0
FFQ	38	0	0	19719	0	0	266	1313	3731	19687	35170	663	212	1362	2443	2500	25094	26814	1888	13879	18203	2244	10817	7138	25826	74181	66731	31490	68243	19011	53008	235741	141924	87277	256842	267630	448974	369838	532567	1393387	926821	2794917	5599663	0
FFQ	39	0	0	22470	0	0	324	1463	4073	18222	33179	495	320	1765	2792	2879	26313	23837	1996	13706	17840	2723	11490	8279	25730	75335	63611	33954	67487	20529	53368	235933	143952	87877	270619	261618	469834	356352	544885	1353197	1002433	2816064	5510270	0
FFQ	40	0	0	25460	0	0	297	1852	4719	19651	35365	500	420	1775	3270	3414	27929	20059	2284	14095	18189	2849	12046	8839	27863	76330	58273	34550	69033	24152	54815	229618	146303	91499	285031	253960	479605	351996	546483	1372098	1007003	2851240	5424349	0
FFQ	41	0	0	28541	0	0	333	2349	5797	19357	34872	536	421	2469	3796	4050	30325	17533	2582	14372	19507	3612	13167	9913	30617	79351	55158	38859	70713	26988	57257	230728	153089	95516	296573	251283	488778	350465	554037	1387197	995163	2863693	5348217	0
FFQ	42	0	0	32109	0	0	421	2604	6607	20350	36947	545	478	2550	4412	4963	33059	14940	2818	14710	19745	4192	13979	11573	33159	82085	51785	40806	71568	30667	58469	232837	157665	99045	313682	248082	498278	353306	571142	1410992	1006308	2873256	5227080	0
FFQ	43	0	0	35815	0	0	416	2755	7387	19850	35860	500	541	2777	5191	5610	33451	12148	3239	15134	20472	4502	14417	12265	35297	83329	46960	43212	72361	35223	59926	226369	162069	102694	323894	245386	499122	363129	573862	1427736	1008784	2901376	5144155	0
FFQ	44	0	0	39495	0	0	482	3719	9218	22492	40157	550	585	3372	6012	6782	36788	9814	3713	15474	22192	5557	15411	14182	40190	86827	43504	46592	74586	40506	62814	228982	170178	106927	338974	246812	507605	377233	590910	1454200	1008713	2891708	5013958	0
FFQ	45	0	0	43341	0	0	348	2850	7534	17575	31922	617	678	3657	7526	7665	39535	7651	3414	13298	17460	7175	13217	15575	42013	83290	41708	45217	64615	47157	52531	230035	158111	98923	342484	222792	503198	334031	612439	1344201	1096695	2809189	5217547	0
FFQ	46	0	0	48378	0	0	362	2873	8097	17042	29074	561	684	3700	7718	8184	35233	5948	3482	12804	17311	7169	13131	16890	42998	80558	33803	46927	64185	50700	55152	212448	161069	101984	336342	226929	490455	348855	595289	1328569	1056166	2791754	5324390	0
FFQ	47	0	0	51887	0	0	375	3388	8308	17081	27683	560	713	3977	8017	8364	32240	4547	3693	12988	18418	7241	12966	17396	44625	79099	26927	48609	65047	53545	56920	195926	162972	106236	326142	234239	482585	361473	588516	1303428	1024336	2765294	5421453	0
FFQ	48	0	0	57091	0	0	402	3337	9012	16856	25816	546	784	3881	8489	9043	28328	3898	4208	12901	18168	7849	12917	18006	46506	75768	22630	51043	63968	59318	58707	184252	164104	109124	321455	243397	475418	375502	594003	1284484	1015741	2748875	5451387	0
FFQ	49	0	0	63557	0	0	361	3435	9612	17462	25068	522	821	3923	9581	9430	25403	3386	4092	13123	18341	7879	13154	19965	45177	76338	18550	53325	64183	66375	60339	172678	168010	114817	315343	255286	464753	394435	597503	1146120	1145668	2725025	5454174	0
FFQ	50	0	0	69794	0	0	399	3911	10685	17839	23487	593	998	4437	10311	10342	23257	3235	4466	13763	18874	9164	13519	22018	48594	74477	16417	58641	64234	74158	62442	165196	173940	121227	314511	269400	464216	409330	614588	1140245	1156337	2703502	5394667	0
FFQ	51	0	0	75202	0	0	399	4364	12026	20165	23180	626	1304	5047	12456	12012	21259	3236	4622	14369	20019	10700	13967	24957	54114	73723	13747	64294	64882	84112	66122	161699	182563	128502	317150	288533	469238	423727	642554	1144537	1166191	2681264	5280352	0
FFQ	52	0	0	79634	0	0	385	5144	13183	21995	22238	685	1447	6062	13815	12439	19820	3256	5148	14801	20349	11136	14291	28009	57148	69685	11865	68982	64877	93558	68501	154098	191676	133639	315062	307391	475743	442355	661334	1150571	1198148	2673697	5155047	0
FFQ	53	0	0	83748	0	0	399	5257	13103	22227	19512	644	1588	7004	15963	13345	18334	3223	5292	15456	20515	12536	14231	29988	60412	67614	10826	74269	64684	105536	71665	145068	199686	144307	312294	329881	479830	462810	686036	1152646	1225495	2653642	5038148	0
FFQ	54	0	0	89955	0	0	414	5707	13669	24119	17968	671	1653	6547	17037	13608	14440	3143	5287	16275	21103	14009	15026	33504	62347	64636	10269	81598	62923	116152	76534	139861	210953	155470	310890	355057	493274	485597	706200	1154858	1244716	2624965	4916779	0
FFQ	55	0	0	96395	0	0	522	5871	13883	25364	15863	679	1622	6514	17728	13109	11821	3203	5347	16876	20898	14599	15377	35201	63283	39576	29090	86768	60869	125948	78127	128163	220251	163534	298818	381120	505017	510888	696611	1189185	1292529	2594368	4802197	0
FFQ	56	0	0	106317	0	0	512	6211	14726	27446	13586	735	1861	6662	19603	13501	9815	3492	5572	17547	21915	16751	15757	37557	65428	35480	29704	94181	58729	135093	82617	121274	230469	168871	294013	405729	520409	537817	723800	1194213	1324741	2565695	4659385	0
FFQ	57	0	0	111186	0	0	632	6703	15368	29724	11681	814	2287	8405	21605	13233	8065	3399	5546	19328	22224	18182	15917	41416	65966	31905	29858	100699	56719	145687	86534	114924	242027	179453	286396	431628	538694	567297	745729	1188221	1363402	2528128	4528232	0
FFQ	58	0	0	119870	0	0	613	6208	15851	31933	9452	904	2106	6876	22442	12411	6429	3625	5998	19915	22032	18683	16829	44917	65895	28325	30646	106635	54857	155254	92077	109134	250562	187925	278195	464585	562846	609237	763736	1189438	1396791	2488590	4385392	0
FFQ	59	0	0	128995	0	0	773	6906	17479	36529	8482	919	2500	7075	24705	12599	5637	3585	5779	21733	22389	19816	17160	50817	65277	25008	31703	115247	52535	167707	97167	106172	262779	199496	272947	496081	592755	654420	801155	1183469	1434979	2427562	4206877	0
FFQ	60	0	0	134214	0	0	859	6981	17632	37575	6493	1004	3120	8935	26780	12791	4811	3624	6076	23728	22586	21499	17819	55027	64102	22578	33477	123691	50858	175472	105388	103441	276180	210397	265977	524751	625373	699302	831413	1178338	1483695	2370534	4030693	0
FFQ	61	0	0	139203	0	0	874	6610	17758	37345	4883	1257	3667	9775	27336	11226	3885	3457	6472	23893	21412	23514	18774	59612	60214	20261	33910	131488	47655	181899	107495	105730	285868	219326	258789	553022	666735	741263	885600	1153784	1537563	2293779	3881880	0
FFQ	62	0	0	149334	0	0	1168	7329	18816	39404	3775	1414	4120	7710	27788	10642	3469	3613	7211	26450	21862	25749	20026	63863	59399	20289	35434	139888	46476	188753	117509	108311	299325	235590	258844	587064	715661	800278	922061	1143920	1599815	2205705	3659149	0
FFQ	63	0	0	156745	0	0	1105	9359	21469	45120	2970	1502	5481	8452	28940	10570	3199	3922	7600	32270	22371	26358	20987	70020	56109	21823	38253	149326	46758	192581	127283	114604	309241	248614	258917	617815	766682	854257	974517	1122436	1685165	2113896	3410497	0
FFQ	64	0	0	168741	0	0	1229	8776	25529	52988	2289	1909	4726	7502	32462	11067	3101	4475	9085	34856	23995	28979	22674	77201	56909	22540	41729	165583	46504	199622	139014	125060	324677	266181	265361	653345	831960	913441	1034939	1096517	1744638	1999511	3138099	0
FFQ	65	0	0	174807	0	0	1408	8361	25244	50204	1392	1955	6325	9293	35870	9986	2584	4311	8438	30997	24372	30370	24236	79914	55135	21820	42354	171345	40845	207216	147666	137994	336191	278047	273696	688117	905331	974844	1104131	1055725	1839078	1875500	2902112	0
FFQ	66	0	0	183846	0	0	1245	8540	26069	50045	821	1890	7058	8595	36172	10399	2418	4543	9275	33351	24217	34426	25445	84290	53820	21178	44760	183452	40685	204613	157954	151748	343668	291263	277482	722999	981068	1035271	1180993	1015060	1930156	1743456	2654943	0
FFQ	67	0	0	194314	0	0	1402	7762	26577	48114	512	2053	6360	7124	34246	8602	2377	4533	8753	34653	23150	34267	25938	86206	46163	22174	46136	189299	40460	201884	168145	164246	348015	307066	288210	762448	1075371	1109885	1267980	970093	1976066	1621377	2425253	0
FFQ	68	0	0	204976	0	0	1349	8054	28622	47650	285	2185	7049	6945	34580	8076	2314	4707	8933	37012	23416	36949	27375	88922	42489	23360	49633	201479	41039	198777	181779	178502	361317	322957	307736	813476	1178727	1177726	1332746	927110	2000299	1494440	2174223	0
FFQ	69	0	0	221737	0	0	1311	9205	32408	51070	128	2478	7730	6745	34011	7812	2237	4808	9697	41856	22867	38704	29271	90234	39512	25260	53617	212496	41281	192984	196911	189309	366774	340463	320021	864260	1286725	1259525	1404755	870033	2009272	1361206	1938501	0
FFQ	70	0	0	232974	0	0	1467	8656	33946	48612	48	2680	9209	8229	34668	7565	2344	4918	9884	43133	21281	39079	31101	89117	34408	29805	54959	221676	41278	188202	207825	205063	370963	353850	344292	907263	1409146	1330486	1511462	800363	2014177	1216610	1716475	0
FFQ	71	0	0	244788	0	0	1664	8707	34670	46154	23	2814	10820	7605	34399	6990	2750	4912	10251	44678	19944	43280	32213	89221	33066	31890	56986	231139	41831	183148	220597	219364	375499	363308	368484	952776	1553022	1395487	1616215	731643	1987570	1072979	1506327	0
FFQ	72	0	0	258008	0	0	1810	8897	38826	47139	19	3225	11912	7473	35493	6897	3168	4892	10913	49048	19261	47245	34390	89517	32574	34271	61954	245801	44653	176028	237877	237154	385970	379717	397251	1014383	1696181	1459490	1670393	673986	1935070	938516	1287812	0
FFQ	73	0	0	270771	0	0	1876	9265	39757	44335	9	3195	13054	6756	35029	6563	3337	4980	10806	51233	18279	49463	35171	88353	31227	35324	63769	254310	44381	169262	252308	246351	393794	390000	418432	1080738	1850417	1533017	1755811	606567	1882302	801473	1085499	0
FFQ	74	0	0	286863	0	0	2498	9440	46068	46312	4	3664	12274	6916	33909	6608	4555	5196	12022	55631	18243	53774	37111	86751	32008	39204	68359	266433	47948	161644	272537	257497	405253	406474	440656	1152828	2021540	1575182	1784895	544264	1802439	679190	901024	0
FFQ	75	0	0	304052	0	0	2582	9517	50387	44664	6	3902	12511	7382	34644	6281	4562	5337	12356	59361	17562	58166	39244	85111	32767	40856	73770	273232	57135	157593	290618	272919	420824	426588	465905	1235275	2179382	1627465	1798332	481567	1715890	555011	724458	0
FFQ	76	0	0	321530	0	0	2097	7878	47778	39720	12	6282	18611	10766	51224	4999	5181	4023	13188	51848	19492	90648	59472	119037	45886	61110	92097	422743	80039	267145	439644	521803	718147	766314	705858	1996008	1723089	1631985	986978	360482	1444002	307021	143077	0
FFQ	77	0	0	334356	0	0	2494	7491	48579	34381	14	5202	15500	8894	37662	4871	5322	4424	12520	52853	16154	73981	46439	86354	36332	50611	80890	331905	70087	173969	375042	379266	565553	616401	672713	1903243	2130644	1768859	1297838	311468	1540947	351999	131956	0
FFQ	78	0	0	347512	0	0	2425	7231	47078	30147	10	4863	14451	7990	30761	4702	5398	4480	12188	53770	14556	67502	40959	70290	34830	45654	77379	290714	65009	135852	338694	313507	478943	507129	591872	1616506	2627450	1831344	1667208	276979	1390026	311328	220477	0
FFQ	79	0	0	364981	0	0	2329	6218	43955	24458	5	4559	12656	7095	24812	4546	5319	4602	12038	54347	13872	66334	38591	59161	33448	45489	80617	273386	65433	116959	330453	292202	451537	477588	574623	1540484	2991237	1872345	1754318	238814	1246963	216109	235331	0
FFQ	80	0	0	384782	0	0	2655	6028	46508	22414	3	4470	11512	6737	20765	4514	5751	4810	12105	55654	13258	66568	36863	51900	34541	46096	84311	266354	67261	103433	331915	278786	449062	465036	574634	1564431	3275223	1911615	1742910	195232	1084119	156438	198520	0
FFQ	81	0	0	407384	0	0	2390	5286	41125	17159	2	4553	11134	6129	17310	4132	6204	4463	12402	53122	13583	67773	34022	44517	35977	46302	88035	257115	70161	94313	334058	278033	452601	463420	591066	1608421	3541243	1923745	1712951	158467	929958	107456	141202	0
FFQ	82	0	0	434268	0	0	2476	4810	40843	15270	3	4362	10699	6135	14673	3948	6403	4554	12406	52886	13482	68734	31920	38419	36087	46208	93061	248683	72932	85413	340766	273248	456937	471048	606505	1674366	3796965	1921875	1625190	127849	772286	74481	97023	0
FFQ	83	0	0	467042	0	0	2464	5408	48138	14923	2	4913	11144	6249	13501	4323	6461	4864	13727	58541	14414	72918	32658	34107	40904	47509	102482	251455	78668	79815	354241	275928	472776	484953	621717	1756018	4003901	1886952	1488970	96488	623527	46014	59099	0
FFQ	84	0	0	504414	0	0	2816	5103	47274	12359	1	5749	11561	6719	12168	4133	6883	5070	14825	57579	15818	77300	31948	29330	43328	51519	110073	251592	82662	77252	369224	274079	485336	500435	631556	1830085	4192295	1843379	1356516	74980	498894	27467	35492	0
FFQ	85	0	0	547364	0	0	2517	3489	37306	8542	0	5046	10006	5854	9307	3289	6770	4506	13269	52972	15958	75125	29043	24342	42708	51329	112617	235005	87251	71519	369507	278046	496099	513692	655957	1900768	4413765	1807511	1220940	56108	381428	16564	21695	0
FFQ	86	0	0	599753	0	0	2417	2823	33751	6550	1	4497	8301	5139	7061	2841	7875	4445	12437	50927	16460	76053	25255	19365	40039	54009	116657	219448	89983	65835	372752	272002	502312	521881	671279	1968764	4618685	1769730	1070524	41373	283386	9915	12689	0
FFQ	87	0	0	665676	0	0	2107	2128	29055	5054	3	3921	7080	4765	4770	2389	8606	4233	12179	49907	16879	77686	22611	15666	40253	55767	123114	206003	95125	62442	377059	272431	510391	532364	677084	2045942	4772289	1743102	899703	29323	198801	5230	6076	0
FFQ	88	0	0	744466	0	0	1126	1195	19118	3059	2	2856	4704	3096	2800	1650	6737	4004	11996	47870	16576	69798	19183	12243	41986	52872	127987	189277	99333	55826	376525	275889	520677	546446	690387	2111355	4936816	1685534	743734	20111	133498	3056	3426	0
FFQ	89	0	0	841892	0	0	329	334	6693	1146	0	1049	1766	1216	1092	846	5852	4147	11433	46815	16470	64463	16356	9832	39145	53036	134403	174261	100017	51654	382368	268659	531281	565264	699042	2184675	5057294	1604675	612594	12667	81034	1727	1687	0
FFQ	90	0	0	957540	0	0	0	0	8	55	0	0	3	29	55	69	5926	4204	10622	47132	15978	58944	13793	8092	37577	50107	134159	153163	99536	47510	372460	272179	542870	576924	704135	2255054	5184510	1495396	481581	7615	47698	1179	1111	0
# Last Fragment Qualities. Use `grep ^LFQ | cut -f 2-` to extract this part.
# Columns correspond to qualities and rows to cycles. First column is the cycle number.
LFQ	1	0	0	80	0	0	0	0	0	0	0	56369	0	0	0	0	0	77578	0	0	477	0	0	7810	80915	0	81740	177095	179875	160069	0	661249	3713016	0	1476344	6914597	0	0	0	0	0	0	0	0
LFQ	2	0	0	3	0	0	0	0	0	0	0	50182	0	0	0	0	0	81468	0	0	281	0	0	15832	67056	0	80624	163754	222118	146421	0	564078	3356064	0	856425	7982908	0	0	0	0	0	0	0	0
LFQ	3	0	0	0	0	0	0	0	0	0	0	54836	0	0	0	0	0	85642	0	0	388	0	0	18134	66246	0	82822	161168	229625	145912	0	555216	3226634	0	761170	8199421	0	0	0	0	0	0	0	0
LFQ	4	0	0	238	0	0	0	0	0	0	0	48219	0	0	0	0	0	28478	0	0	54047	0	0	15604	0	0	65909	75384	3129	123746	0	190940	2601	256880	415180	0	2355313	0	9951546	0	0	0	0	0
LFQ	5	0	0	88	0	0	0	0	0	0	0	48401	0	0	0	0	0	28885	0	0	49208	0	0	15224	0	0	64574	75174	3151	118794	0	187231	2658	252565	409711	0	2366431	0	9965119	0	0	0	0	0
LFQ	6	0	0	0	0	0	0	11	0	6412	0	37503	9451	0	0	3	5269	6334	41259	14498	12188	0	1974	1403	20709	9	65669	69175	8209	78605	35831	179964	29316	263323	361835	1	2103001	253365	9981897	0	0	0	0	0
LFQ	7	0	0	336	0	0	7	20	0	4576	0	32948	10361	3	0	4	4024	4641	43325	12302	12420	2	1501	1185	18510	9	62359	67277	9059	78138	36225	173684	22274	267195	378586	1	2128634	277915	9939693	0	0	0	0	0
LFQ	8	0	0	448	0	0	10	12	0	4695	0	35985	13379	5	0	0	3734	4928	43325	12600	15563	6	1414	1367	20411	6	66511	73915	13475	72560	40326	185782	20460	272532	385668	1	2131001	270957	9896138	0	0	0	0	0
LFQ	9	0	0	263	0	0	17	14	2	5151	1	38608	14543	6	0	3	4025	5353	45872	13470	16651	17	1630	1498	21430	10	67386	21739	76047	65784	41911	187989	15523	250876	256229	167296	753098	0	1356092	791713	9366967	0	0	0
LFQ	10	0	0	1	0	0	21	8	3	4735	0	36308	14579	11	1	4	3813	4654	46118	13265	15516	27	1469	1293	20074	33	66855	20578	91602	49376	40362	184602	14544	247022	255246	170407	750306	1	1371418	812651	9350311	0	0	0
LFQ	11	0	0	0	0	0	27	8	13	5131	27	39196	15178	4	0	4	4247	4684	46005	13725	16348	30	1484	1220	21024	58	68611	22048	114620	27830	42197	189597	15656	249823	262583	166521	761855	14	1367313	823048	9307085	0	0	0
LFQ	12	0	0	0	0	0	22	19	22	5249	51	37297	13104	7	1	3	4384	5504	46101	14464	15292	26	1695	1510	21926	120	68299	23285	134187	9495	42067	190322	16874	257228	260642	170890	766936	38	1375229	832502	9272423	0	0	0
LFQ	13	0	0	107	0	0	27	9	35	6615	100	42040	14041	19	2	6	5042	6098	47445	15026	14875	31	2087	1548	22522	238	71093	24303	138270	6688	42304	193491	18936	259150	260658	174728	778261	50	1399168	859216	9182985	0	0	0
LFQ	14	0	0	1	0	0	32	26	60	6084	167	40373	12997	23	6	6	235	9002	48423	15204	15437	27	1959	1405	6287	16823	69685	24775	139100	6609	43514	89854	116747	198480	255864	198287	139973	483688	399346	1234634	830445	2227772	6953864	0
LFQ	15	0	0	0	0	0	33	50	67	6508	257	43419	15242	20	7	21	342	9643	48228	16762	16939	33	2154	1725	6765	18349	71270	25476	139432	7156	44833	90897	119026	196612	259744	198289	141254	484209	400019	1243629	831621	2260141	6887042	0
LFQ	16	0	0	0	0	0	29	85	117	7131	319	45529	15021	37	22	58	380	10072	49605	17143	17492	41	2230	1731	6929	19164	72812	26778	143407	7563	45905	94133	121694	200471	265644	200833	144091	493043	406509	1259809	831497	2290816	6789074	0
LFQ	17	0	0	48	0	0	26	101	95	6996	476	44305	15396	62	38	71	454	9872	50348	15759	17158	49	2134	1634	7207	19260	73449	25533	145387	7090	45762	95263	122914	204938	267274	204981	146181	499150	412056	1274755	842338	2322047	6706607	0
LFQ	18	0	0	0	0	0	30	71	148	7534	711	47919	16909	39	70	48	514	10282	50999	16535	18222	58	2178	1712	7486	21111	73389	25782	146360	7294	46375	95415	122010	203565	268289	205032	146555	500287	415441	1279349	847830	2349505	6652160	0
LFQ	19	0	0	240	0	0	38	95	170	8144	956	50227	17130	61	84	71	644	8501	3823	70396	17968	63	2221	1809	8447	22359	72489	26231	147644	7482	47452	96748	122993	207354	167399	309538	148223	441541	401430	1041608	1023460	2429990	6682185	0
LFQ	20	0	0	531	0	0	38	114	179	7725	1280	45527	14632	70	103	93	833	9079	5302	66344	18014	73	2277	1852	9095	24305	69667	26044	148100	7397	47910	98821	124016	207366	167399	311474	149120	444028	408823	1052666	1053522	2454405	6608990	0
LFQ	21	0	0	991	0	0	47	152	223	9468	2245	53632	16958	85	131	106	1006	10551	7262	64633	19990	111	2546	2035	10346	28419	71630	27872	148556	8020	50106	103034	126702	205763	172259	316081	154380	452852	412297	1076282	1074904	2480747	6474792	0
LFQ	22	0	0	1478	0	0	53	172	240	9625	2899	49756	14658	88	167	166	1220	11493	9935	60531	18961	95	2461	1965	11359	30998	67859	27509	148507	7885	49749	106161	126879	209606	171456	322099	156961	456915	425383	1088411	1120402	2497862	6375250	0
LFQ	23	0	0	2092	0	0	52	215	293	10244	3758	49782	13662	109	200	161	1502	13269	13103	55508	19628	147	2689	2110	13028	36288	65715	27554	146674	8450	51642	111812	128034	205971	174020	325233	160181	463302	431946	1108971	1143108	2535074	6261687	0
LFQ	24	0	0	2814	0	0	55	224	362	10389	5005	45574	11319	120	225	200	1843	14737	15673	48782	18741	187	2982	2150	14127	40725	61342	28177	142584	8566	50968	116330	128114	200406	174825	324031	163594	465667	437505	1138846	1091025	2371432	6447568	0
LFQ	25	0	0	3580	0	0	55	236	377	11305	6810	42632	9198	130	254	224	2339	16760	18683	42656	18927	175	3006	2128	16025	46442	57866	28159	138183	8521	51616	122948	128660	193996	177265	325332	168382	471349	439706	1160688	1092382	2441275	6338944	0
LFQ	26	0	0	4588	0	0	50	284	461	13545	9544	43968	8442	149	308	258	2911	19393	21335	37123	19893	245	3380	2455	18108	54677	54791	28873	135161	9017	53150	132208	131587	185935	180469	326068	175853	476056	437271	1193983	1079225	2528501	6197949	0
LFQ	27	0	0	5665	0	0	57	323	514	14638	12216	41393	6343	160	391	312	3647	22672	23971	32259	20315	251	3741	2588	19534	61990	52409	29662	131850	9388	54973	143048	132982	179626	183514	330277	184206	483508	443652	1228047	1075330	2618173	6033589	0
LFQ	28	0	0	7145	0	0	78	307	587	17693	16656	40981	4767	183	381	343	4729	26063	25707	27711	21271	298	4105	2691	20751	71146	52242	30298	127824	10137	55823	158039	136158	174515	187929	335520	194202	489403	448114	1265494	1065683	2697053	5865187	0
LFQ	29	0	0	8226	0	0	101	387	807	20116	21530	38776	2801	215	465	404	5980	30458	26049	24413	21388	319	4485	2874	21658	77318	53857	30782	122268	9903	56769	171028	137216	162913	191447	336572	206496	490326	455709	1307872	1051820	2777638	5715828	0
LFQ	30	0	0	9529	0	0	114	419	895	21616	25705	31726	1140	280	558	440	7550	33911	23444	21708	21378	398	5030	3012	22313	81765	57584	31706	115785	10840	58461	187097	139749	151215	197652	337230	219651	490010	456757	1347390	1032483	2853066	5587607	0
LFQ	31	0	0	11115	0	0	97	504	1092	25086	32770	27225	507	298	635	522	9215	37815	18960	21722	22759	427	5699	3445	22754	86437	64266	33260	109432	11367	59866	205771	143593	139046	204339	341036	238510	492686	466164	1398871	1001913	2890920	5457090	0
LFQ	32	0	0	12806	0	0	120	541	1362	25956	37651	20184	230	341	645	677	11088	40748	14670	20852	22838	557	6308	3638	23014	87635	70898	33006	102283	11757	60298	220734	144342	127066	210335	340553	256696	489100	472963	1448416	986227	2939406	5341273	0
LFQ	33	0	0	14604	0	0	144	601	1677	28814	45333	14881	160	354	820	781	13753	43805	10471	21561	23159	631	7298	3872	22658	89319	76004	33818	96622	12568	61893	232844	147651	115215	217073	335941	278086	482257	477008	1496337	964354	2987713	5227134	0
LFQ	34	0	0	16496	0	0	126	645	1620	25894	43298	7782	217	511	935	935	16774	47548	7124	17656	19398	814	7061	3852	21842	81007	88349	30975	80047	11062	49035	256145	132702	94399	211759	309983	293497	417879	482684	1389881	1019993	2651057	5746232	0
LFQ	35	0	0	18388	0	0	145	718	1929	24353	43938	3841	183	570	1201	1125	18683	43355	3957	17492	19412	839	7680	3965	21037	81646	86874	30819	75095	11832	50325	255637	134602	86031	219675	296704	309424	398439	471016	1396472	957343	2628902	5863567	0
LFQ	36	0	0	20398	0	0	140	838	2278	25200	46839	1782	201	678	1312	1361	21218	41059	2216	17668	19825	877	8567	4481	21588	82680	82973	31646	73854	12376	52271	252204	135341	82256	228357	283433	326411	381148	464533	1403050	916604	2631574	5907977	0
LFQ	37	0	0	22571	0	0	154	1009	2669	27179	51800	720	176	818	1615	1654	24777	39131	1633	18173	21137	1111	9993	4903	22914	86160	82800	32798	75370	13335	53932	254945	140113	82136	240819	275235	348049	365780	462011	1408196	892034	2628402	5890962	0
LFQ	38	0	0	24803	0	0	136	1157	3301	26104	50474	305	209	869	1857	1994	28111	36196	1632	18210	20996	1228	10809	5545	23248	87145	80726	33230	74010	14644	54414	255192	140247	81320	252530	264307	367339	348680	465376	1412279	887616	2649208	5861767	0
LFQ	39	0	0	27026	0	0	158	1308	3909	25595	49991	217	247	1067	2138	2586	30731	31239	1853	18196	21207	1343	11595	6283	24311	88588	76494	33979	75061	16120	55391	252117	142396	83509	265144	253619	382813	336347	470601	1364443	938487	2669415	5821690	0
LFQ	40	0	0	29249	0	0	139	1442	4662	26471	50884	191	231	1235	2544	3077	33710	27148	2177	18104	21763	1503	12771	6974	25835	91306	71540	35444	75611	17859	56363	251308	145729	84829	280621	243306	397218	329944	472912	1372989	929247	2681195	5779683	0
LFQ	41	0	0	31852	0	0	149	1723	5426	25875	50949	178	296	1372	3114	3849	37517	22841	2574	18594	22540	1801	13577	7844	27640	93967	68024	36907	77897	20495	58155	251910	150374	87539	297537	234377	406915	326707	478573	1394813	925161	2700176	5697976	0
LFQ	42	0	0	34264	0	0	169	1982	6566	25607	49810	221	322	1714	3693	4686	39330	18861	2942	18109	22301	2117	14243	8976	29871	96052	62216	38951	76943	23756	58267	249320	151082	88881	311558	225076	415456	321789	489344	1408364	932092	2714735	5637548	0
LFQ	43	0	0	36823	0	0	176	2461	7496	26967	52754	206	369	2052	4596	5475	42688	15266	3262	18261	23182	2528	15023	10327	33171	99048	56630	41110	78260	27942	60166	249162	154473	91744	327617	220208	419132	328191	496758	1427856	927033	2721887	5556914	0
LFQ	44	0	0	39650	0	0	223	2676	8634	26148	51441	229	353	2369	5339	6824	44460	12418	3801	18292	23854	2872	15271	11358	36229	100854	50704	43542	79615	31966	61527	241665	157938	94232	336893	216363	415318	333658	503251	1437667	924326	2752031	5493223	0
LFQ	45	0	0	42515	0	0	234	3259	10219	27219	52064	219	405	2828	6355	8060	44787	9469	4296	18517	24449	3766	15709	12961	39988	102256	45464	45948	80038	37063	63345	238698	161969	97186	349753	215364	415583	339389	511695	1447633	908302	2779496	5420713	0
LFQ	46	0	0	45480	0	0	250	3605	11124	26404	49453	240	472	3417	7465	9409	45007	7285	4892	18545	24380	4497	15883	14901	44015	104439	40630	48987	79762	43448	63606	235526	166203	100504	358480	218120	417717	346934	525794	1463909	916044	2781893	5338494	0
LFQ	47	0	0	48845	0	0	202	3283	10252	23141	41394	257	533	3629	8714	10445	43478	5245	4631	16369	21125	5009	15309	16294	48312	99442	34853	49001	72565	50582	56871	232836	158666	95261	359059	204141	410295	321052	542504	1387398	999977	2685903	5500341	0
LFQ	48	0	0	52306	0	0	215	3792	12032	24205	41541	257	521	3763	9527	11326	39636	4509	5188	16805	22291	5441	15450	17465	51502	97796	27948	52900	72890	55983	59020	215459	163289	100017	351108	212537	399761	330855	539592	1377802	977707	2667722	5547056	0
LFQ	49	0	0	56112	0	0	230	4219	13340	24740	39924	256	583	4255	11245	12748	36838	4141	5624	16568	22423	6060	15337	19287	54776	96625	22496	55455	72710	63752	61021	203677	166100	102714	344715	221485	374831	355207	547110	1207545	1123175	2644839	5575051	0
LFQ	50	0	0	60072	0	0	279	4427	14025	25078	36085	292	659	4766	12684	14008	32370	3838	5848	16223	22101	6753	15170	21275	58887	92794	17611	58142	71629	74300	61076	190440	170567	106172	339390	234160	366237	364277	555009	1204050	1121998	2627683	5576839	0
LFQ	51	0	0	64383	0	0	258	4502	14299	24844	32532	436	1054	7512	21331	20627	41741	3163	4835	13444	17783	11771	17139	32635	85587	118658	20987	71627	65431	140300	54161	322280	211047	117197	599706	321906	562319	425393	1304351	1802196	2768751	2745750	1515278	0
LFQ	52	0	0	68532	0	0	317	5214	15315	26312	29721	397	1048	6836	19393	18033	28725	3284	5252	14408	19398	10173	16483	29822	76827	88779	12684	71810	63145	118464	54444	215302	199142	119989	417558	291783	445623	394332	859394	1529287	2335402	3686369	2288217	0
LFQ	53	0	0	72349	0	0	282	5072	14828	25596	25569	386	999	6758	18829	16678	21686	3340	5476	15052	20417	10358	16030	29642	72573	76003	9932	72652	62816	113930	59419	166480	193417	122723	340603	285911	381660	401131	665068	1331561	1564448	3160779	4196761	0
LFQ	54	0	0	76297	0	0	267	5258	15397	26713	22644	364	965	6678	19265	16125	16583	3469	5549	15302	20780	10852	15801	30757	71733	66714	8468	75375	60768	116976	62085	141489	193138	123880	306042	291921	359276	409955	615930	1223602	1313490	2666104	5171202	0
LFQ	55	0	0	80166	0	0	296	5923	16173	29785	20017	394	1114	6989	21021	15751	13338	3661	5714	16415	21131	11854	15988	33650	71060	43664	24299	80329	58425	126226	64568	123193	198636	129685	283638	307342	355203	425178	597889	1187013	1235006	2485061	5471419	0
LFQ	56	0	0	85043	0	0	319	6957	18033	34552	19172	470	1286	7522	24150	16547	11519	3719	6115	17409	21979	13135	16557	37493	73619	38736	24496	86118	57099	136385	68110	111637	207278	135363	269827	323791	359529	446785	612027	1163981	1230019	2399159	5501278	0
LFQ	57	0	0	89608	0	0	299	6266	17457	33747	14725	468	1532	8148	25786	16111	9672	3864	6204	17739	21499	14524	17166	40690	73775	33498	25021	90981	54305	146420	69739	102152	214529	141639	258621	343468	371148	470201	634310	1147473	1267262	2348622	5448545	0
LFQ	58	0	0	94674	0	0	358	6917	18337	37584	12751	503	1748	7606	26757	15075	6929	3762	6514	19153	22898	16108	17585	45649	74129	29112	25693	99554	53300	159173	75587	95907	225954	152259	251263	367615	390147	505833	666324	1142228	1319817	2286880	5305531	0
LFQ	59	0	0	99919	0	0	293	6452	17372	37687	9488	506	1887	7385	27740	13907	5250	3814	6099	19330	21662	17172	18089	49408	71056	24942	25257	106073	49348	169251	78102	90694	235401	160416	240886	391059	417716	541112	708991	1137291	1375486	2240408	5160265	0
LFQ	60	0	0	105469	0	0	394	7793	19749	44264	8065	568	2279	7305	29080	13117	4068	4032	6604	22022	23520	18507	18993	54423	68637	21617	27334	115566	48052	176665	84279	85742	245347	171541	230413	412988	450649	584934	739772	1129155	1452240	2190970	4961061	0
LFQ	61	0	0	111417	0	0	402	7252	19126	43949	5843	609	2397	7549	31649	11914	3090	3998	6573	21804	22119	20252	19829	59742	66638	19896	27025	122967	44502	186921	88952	85518	256565	181547	223766	437479	493266	630700	793592	1111567	1536712	2122892	4757195	0
LFQ	62	0	0	117224	0	0	420	6805	18347	41610	3792	626	2636	7337	32128	10982	2492	3714	6197	22621	20869	21028	20268	64358	62022	18261	26999	127617	41354	190806	93332	86751	263736	191268	218191	458862	547097	680512	860841	1091234	1623581	2049737	4551559	0
LFQ	63	0	0	123789	0	0	437	7141	19212	45394	2686	681	2937	7192	32352	10178	1852	3955	6775	24630	21675	21906	20853	68435	57325	16885	28952	137225	39480	192636	100996	89466	273121	202922	214370	482678	609452	735811	920095	1074386	1730944	1974475	4283915	0
LFQ	64	0	0	130519	0	0	483	6782	19521	44494	1506	684	3314	6824	33159	9164	1503	3862	6685	25548	20249	23344	21796	72638	51953	16238	29709	144149	36425	194816	106787	95929	279124	211821	212731	508736	681218	791133	1000666	1041348	1838168	1878451	4035737	0
LFQ	65	0	0	137637	0	0	475	7079	20846	45837	916	715	3664	6715	33621	8611	1242	4126	6996	25865	21270	24480	22601	75494	47981	16415	31210	150912	33974	193269	114293	104511	284113	221908	211090	533182	768829	850302	1098839	1003539	1939752	1768826	3766079	0
LFQ	66	0	0	144873	0	0	531	6977	22032	45701	476	813	4209	6788	34537	8468	1086	4261	7335	28187	20256	25904	24479	79875	42826	17087	32546	161790	32059	193031	124464	116846	288801	235953	215661	559923	858056	923879	1201736	959305	2071207	1645116	3440140	0
LFQ	67	0	0	152685	0	0	528	7143	23591	46720	261	862	4576	6529	34254	7824	1069	4164	7391	30062	20276	27417	25626	83460	38788	17762	33739	170186	31119	189601	133213	128961	293575	247414	222970	591464	958897	1001005	1312462	913776	2156144	1524157	3137543	0
LFQ	68	0	0	161126	0	0	565	6910	23335	43598	135	955	5081	6340	34261	7114	1017	4099	7472	30925	18446	29345	26412	84381	34732	18883	35148	177428	29960	185038	142264	140616	297233	257889	233577	624690	1085607	1073994	1434870	861424	2211401	1402206	2848737	0
LFQ	69	0	0	170103	0	0	564	7125	25882	44473	56	1049	6081	6282	35171	6891	1023	4348	7836	33624	17573	30437	27629	86599	31032	20445	36985	186235	30336	178012	153417	152862	297846	269584	245440	659817	1215903	1153504	1564035	800946	2279465	1262208	2536396	0
LFQ	70	0	0	179532	0	0	635	6969	26199	41591	41	1194	6656	6208	34726	6540	1102	4283	7835	34389	16132	32651	29561	86216	27188	22868	38442	195930	30377	174570	162798	168081	302899	278586	265428	701478	1364164	1238172	1697038	744777	2294743	1129183	2228032	0
LFQ	71	0	0	190017	0	0	769	7277	29698	43119	30	1278	6982	5934	33117	6395	1220	4532	8245	38853	16072	34165	30629	85566	24944	24974	41411	205156	32424	166381	176526	179311	306046	289227	285147	749709	1526739	1333520	1810312	688626	2268748	1002125	1931990	0
LFQ	72	0	0	200945	0	0	821	7168	30647	41051	17	1392	7886	5635	33013	6004	1326	4605	8651	39919	14345	36507	32227	85252	23761	27126	42802	216000	32956	160975	188713	192224	313087	300749	306622	799922	1709629	1423025	1919971	626349	2216199	873767	1655926	0
LFQ	73	0	0	213190	0	0	829	7134	33746	39862	11	1582	8922	5957	34113	5622	1446	4702	8829	42616	13395	39446	34234	83815	22695	27963	45893	226145	34081	156247	203324	206400	319964	315765	326831	862508	1902894	1518137	1994259	563549	2153875	744016	1383217	0
LFQ	74	0	0	225893	0	0	790	6179	32042	33473	8	1596	9019	5648	30977	5252	1462	4477	9040	42988	11785	40648	34938	79526	21862	29175	47828	231821	35423	146274	214916	215607	324153	325229	347505	924408	2107219	1616733	2078003	501241	2092621	618947	1132508	0
LFQ	75	0	0	239955	0	0	809	6147	33026	31477	6	1714	8992	5378	28258	5008	1587	4482	9255	44753	10821	42532	35789	74503	22353	30105	49855	233937	40303	136118	228400	223108	330200	335483	369460	992005	2326102	1717269	2128216	441234	1994734	503883	899957	0
LFQ	76	0	0	255164	0	0	985	6221	35992	29957	7	1821	9266	5510	26994	5014	1912	4478	9591	47950	10329	45546	37718	70367	22829	32403	53804	243540	42364	128295	244604	229629	342747	348713	390364	1062182	2529833	1808351	2163023	383192	1875071	393752	687696	0
LFQ	77	0	0	272158	0	0	1092	6178	38891	28101	2	2179	9998	5507	26164	4711	2119	4703	9801	48725	9829	49390	38905	65399	23371	33121	58066	248555	44984	120199	257493	235904	353506	360953	412629	1137774	2765467	1879288	2158917	329183	1718049	305499	520404	0
LFQ	78	0	0	290229	0	0	1133	5882	40380	25890	4	2442	10995	5876	24059	4906	2267	4727	10263	50268	9386	52828	37547	60097	25106	35486	61283	252800	47854	113514	268260	241836	360742	372492	431929	1216866	3054171	1916063	2106774	278828	1560033	225475	378523	0
LFQ	79	0	0	310031	0	0	1192	5677	41486	22223	5	2636	11213	6042	22292	4513	2473	4731	10621	51623	9101	56829	38771	54505	26439	36425	66082	259568	50379	105216	282486	244492	377027	383072	452250	1296908	3301785	1973507	2070414	227621	1355314	159956	262309	0
LFQ	80	0	0	333245	0	0	1258	5363	41879	20127	7	2650	10945	6155	19751	4601	2641	4743	10559	52660	8835	60124	38237	49776	27361	38328	71427	260458	54161	97522	294321	248749	392345	395762	475591	1375615	3582141	1994403	1986117	184257	1149586	110035	175479	0
LFQ	81	0	0	358933	0	0	1346	5800	46922	19252	3	3045	11445	6594	18193	4489	3220	4856	11345	54378	9327	64706	38239	44245	29251	40278	76325	261283	57680	90715	307815	249662	405783	406973	493395	1451191	3863272	1984026	1893393	144871	937044	73536	114383	0
LFQ	82	0	0	387411	0	0	1464	4817	45447	15638	6	3375	12287	6811	17380	4257	3354	5025	11535	54374	9996	69378	37152	39304	31211	42199	82519	260301	61434	86079	316445	254094	419804	417819	512712	1531393	4132487	1963826	1775426	110537	746898	44528	68491	0
LFQ	83	0	0	419481	0	0	1507	4610	45707	13275	12	3428	11542	6634	14259	4050	3686	5148	11938	55399	10302	72012	35211	34466	32701	44714	88923	258029	65196	81563	327908	254649	432148	433643	531884	1606885	4380240	1964224	1603907	84459	575751	27193	40530	0
LFQ	84	0	0	456367	0	0	1571	4079	42958	10658	9	3612	10864	6371	11826	3891	4129	4898	12347	53807	10970	74403	32886	28655	33434	46388	94221	250302	69329	77051	332697	257968	447066	446239	556410	1681630	4639615	1931486	1426974	61055	421954	15896	23198	0
LFQ	85	0	0	500477	0	0	1449	3742	41109	8017	6	3638	10467	5924	9425	3537	4109	4861	12385	52444	11395	74818	30533	23251	36524	47326	101295	236927	73827	71572	335551	256213	458231	453499	566830	1752122	4888472	1892423	1242527	43066	308197	8577	12448	0
LFQ	86	0	0	553370	0	0	1352	3130	37780	6099	2	3592	9154	5364	7269	3332	4174	4766	12347	51376	12047	74797	27560	19112	36591	49225	109205	223748	78954	67416	341668	255182	464855	467287	576398	1828510	5128940	1820562	1047953	30670	212368	4509	6550	0
LFQ	87	0	0	618437	0	0	1055	2434	32239	4379	5	3271	7849	4722	5318	2673	4100	4794	12398	50743	12714	75053	24760	15414	37680	50143	115706	212832	84028	63190	346383	256551	476913	481839	585948	1902515	5312406	1744248	867386	20399	142137	1897	2655	0
LFQ	88	0	0	696645	0	0	794	1471	24054	2684	4	2585	6121	3551	3351	1923	4290	4600	11816	49815	13101	74458	21606	12460	37740	51762	124341	198119	88069	58845	354040	257336	488679	496958	591731	1971052	5485692	1646771	697721	12601	88230	1020	1178	0
LFQ	89	0	0	781638	0	0	222	449	8919	1011	2	1224	2598	1564	1376	1023	3980	4482	11335	47206	13422	68136	17772	9863	37677	50713	129202	179105	91693	55500	353299	259598	494630	506955	601696	2032162	5654311	1557443	546849	7577	51303	632	647	0
LFQ	90	0	0	877106	0	0	0	0	13	82	0	0	0	48	51	113	3955	4588	11058	47578	12098	61608	14197	7427	37142	51331	127544	157382	94923	51230	344214	259039	497748	514902	616014	2077439	5812289	1452980	419483	4399	28400	463	370	0
# GC Content of first fragments. Use `grep ^GCF | cut -f 2-` to extract this part.
GCF	0.50	21
GCF	1.51	5
GCF	2.51	11
GCF	4.27	13
GCF	6.03	20
GCF	7.54	28
GCF	9.05	45
GCF	10.30	79
GCF	11.56	91
GCF	12.56	159
GCF	13.57	244
GCF	14.57	395
GCF	15.83	825
GCF	17.09	947
GCF	18.09	1145
GCF	19.10	1610
GCF	20.35	2693
GCF	21.61	5735
GCF	22.61	10267
GCF	23.62	19301
GCF	24.62	17188
GCF	25.88	22286
GCF	27.14	35505
GCF	28.14	54252
GCF	29.15	89979
GCF	30.15	130594
GCF	31.41	177972
GCF	32.66	252918
GCF	33.67	351396
GCF	34.67	456333
GCF	35.68	615760
GCF	36.93	766822
GCF	38.19	915157
GCF	39.20	984083
GCF	40.20	1082926
GCF	41.46	1097703
GCF	42.71	1097535
GCF	43.72	1017274
GCF	44.72	909931
GCF	45.73	760246
GCF	46.98	694767
GCF	48.24	547018
GCF	49.25	390020
GCF	50.25	308585
GCF	51.26	228189
GCF	52.51	163014
GCF	53.77	114199
GCF	54.77	87821
GCF	55.78	51873
GCF	56.78	44605
GCF	58.04	26303
GCF	59.30	17988
GCF	60.30	11851
GCF	61.31	7940
GCF	62.56	5239
GCF	63.82	2855
GCF	64.82	2216
GCF	65.83	870
GCF	66.83	554
GCF	68.09	610
GCF	69.35	345
GCF	70.35	171
GCF	71.36	164
GCF	72.36	130
GCF	73.62	124
GCF	74.87	61
GCF	75.88	53
GCF	76.88	39
GCF	77.89	25
GCF	79.15	19
GCF	80.40	12
GCF	81.41	4
GCF	82.41	3
GCF	83.67	6
GCF	84.92	3
GCF	85.93	0
GCF	86.93	3
# GC Content of last fragments. Use `grep ^GCL | cut -f 2-` to extract this part.
GCL	0.50	0
GCL	1.51	2
GCL	2.51	5
GCL	3.52	10
GCL	4.77	27
GCL	6.03	47
GCL	7.04	88
GCL	8.04	70
GCL	9.05	111
GCL	10.30	154
GCL	11.56	215
GCL	12.56	316
GCL	13.57	421
GCL	14.57	583
GCL	15.83	764
GCL	17.09	1189
GCL	18.09	1390
GCL	19.10	2547
GCL	20.35	3161
GCL	21.61	5448
GCL	22.61	7203
GCL	23.62	10517
GCL	24.62	19078
GCL	25.88	30653
GCL	27.14	48476
GCL	28.14	82252
GCL	29.15	118336
GCL	30.15	192096
GCL	31.41	279130
GCL	32.66	399026
GCL	33.67	535681
GCL	34.67	666412
GCL	35.68	792359
GCL	36.93	898884
GCL	38.19	1013605
GCL	39.20	1115775
GCL	40.20	1143957
GCL	41.46	1130753
GCL	42.71	1032699
GCL	43.72	912010
GCL	44.72	751439
GCL	45.73	624126
GCL	46.98	505197
GCL	48.24	361825
GCL	49.25	282988
GCL	50.25	209304
GCL	51.26	136147
GCL	52.51	88410
GCL	53.77	60051
GCL	54.77	39935
GCL	55.78	26832
GCL	56.78	18045
GCL	58.04	12723
GCL	59.30	8753
GCL	60.30	6569
GCL	61.31	3387
GCL	62.56	1961
GCL	63.82	1258
GCL	64.82	919
GCL	65.83	597
GCL	66.83	339
GCL	68.09	239
GCL	69.35	203
GCL	70.35	311
GCL	71.36	150
GCL	72.36	35
GCL	73.62	12
GCL	74.87	3
GCL	75.88	1
GCL	76.88	2
GCL	77.89	1
GCL	79.15	0
GCL	80.40	1
GCL	84.17	0
GCL	87.94	1
# ACGT content per cycle. Use `grep ^GCC | cut -f 2-` to extract this part. The columns are: cycle; A,C,G,T base counts as a percentage of all A/C/G/T bases [%]; and N and O counts as a percentage of all A/C/G/T bases [%]
GCC	1	13.24	37.03	36.58	13.14	0.09	0.00
GCC	2	23.23	26.88	26.83	23.06	0.00	0.00
GCC	3	22.79	27.47	27.00	22.74	0.00	0.00
GCC	4	23.82	26.33	25.98	23.87	0.00	0.00
GCC	5	27.85	22.39	22.14	27.61	0.00	0.00
GCC	6	30.77	19.31	19.10	30.82	0.00	0.00
GCC	7	34.17	16.02	15.89	33.92	0.00	0.00
GCC	8	30.63	19.23	19.54	30.60	0.00	0.00
GCC	9	28.94	20.92	21.44	28.70	0.00	0.00
GCC	10	33.46	16.41	16.66	33.46	0.00	0.00
GCC	11	29.07	20.65	21.11	29.17	0.00	0.00
GCC	12	29.10	20.79	20.99	29.12	0.00	0.00
GCC	13	31.29	18.82	18.54	31.35	0.00	0.00
GCC	14	30.69	19.28	19.27	30.76	0.00	0.00
GCC	15	30.41	19.75	19.58	30.25	0.00	0.00
GCC	16	30.31	19.65	19.70	30.34	0.00	0.00
GCC	17	29.78	19.78	20.02	30.42	0.00	0.00
GCC	18	30.16	19.77	19.61	30.45	0.00	0.00
GCC	19	30.09	19.93	19.38	30.60	0.00	0.00
GCC	20	29.76	19.96	20.06	30.21	0.00	0.00
GCC	21	30.01	19.78	19.94	30.27	0.00	0.00
GCC	22	30.02	19.71	19.85	30.41	0.00	0.00
GCC	23	29.95	19.96	20.08	30.02	0.00	0.00
GCC	24	30.08	19.86	19.76	30.30	0.00	0.00
GCC	25	30.25	19.81	19.83	30.11	0.00	0.00
GCC	26	30.22	19.88	20.07	29.83	0.00	0.00
GCC	27	30.30	19.93	19.79	29.99	0.00	0.00
GCC	28	30.41	20.15	19.70	29.73	0.00	0.00
GCC	29	29.93	20.01	20.01	30.04	0.00	0.00
GCC	30	30.04	19.98	19.80	30.19	0.00	0.00
GCC	31	30.04	20.13	19.73	30.11	0.00	0.00
GCC	32	30.21	19.80	19.89	30.10	0.00	0.00
GCC	33	30.01	20.25	20.01	29.73	0.00	0.00
GCC	34	30.20	19.97	19.82	30.01	0.00	0.00
GCC	35	29.92	20.17	20.20	29.70	0.00	0.00
GCC	36	29.91	20.16	20.17	29.76	0.00	0.00
GCC	37	30.22	20.07	19.89	29.81	0.00	0.00
GCC	38	29.92	20.31	19.92	29.86	0.00	0.00
GCC	39	30.09	20.20	19.86	29.85	0.00	0.00
GCC	40	30.17	20.05	19.55	30.24	0.00	0.00
GCC	41	29.70	20.25	20.12	29.93	0.00	0.00
GCC	42	30.08	20.10	20.00	29.81	0.00	0.00
GCC	43	29.94	20.04	20.03	29.99	0.00	0.00
GCC	44	29.94	20.10	19.98	29.98	0.00	0.00
GCC	45	30.13	20.07	20.11	29.69	0.00	0.00
GCC	46	30.14	20.12	19.96	29.77	0.00	0.00
GCC	47	30.04	20.13	20.08	29.75	0.00	0.00
GCC	48	30.00	20.17	20.16	29.68	0.00	0.00
GCC	49	30.06	20.23	20.01	29.69	0.01	0.00
GCC	50	30.01	20.06	20.36	29.57	0.01	0.00
GCC	51	29.86	20.33	20.21	29.60	0.01	0.00
GCC	52	30.03	20.23	20.07	29.67	0.01	0.00
GCC	53	30.23	20.14	20.16	29.47	0.00	0.00
GCC	54	29.92	20.09	20.15	29.84	0.01	0.00
GCC	55	29.83	20.20	19.95	30.02	0.00	0.00
GCC	56	29.92	20.35	20.21	29.51	0.02	0.00
GCC	57	30.21	19.91	20.20	29.68	0.01	0.00
GCC	58	30.16	20.11	20.14	29.58	0.02	0.00
GCC	59	29.98	20.09	19.98	29.95	0.03	0.00
GCC	60	29.95	20.04	20.17	29.84	0.02	0.00
GCC	61	30.06	19.92	20.21	29.82	0.00	0.00
GCC	62	30.08	20.11	20.08	29.73	0.01	0.00
GCC	63	30.20	20.14	20.18	29.48	0.01	0.00
GCC	64	30.32	19.98	19.89	29.81	0.02	0.00
GCC	65	30.26	19.97	19.91	29.86	0.00	0.00
GCC	66	29.60	20.17	20.04	30.19	0.00	0.00
GCC	67	30.26	20.06	19.80	29.88	0.00	0.00
GCC	68	30.11	20.18	20.10	29.61	0.00	0.00
GCC	69	29.90	20.22	20.01	29.87	0.02	0.00
GCC	70	30.18	20.09	20.04	29.69	0.02	0.00
GCC	71	30.22	20.10	19.96	29.72	0.01	0.00
GCC	72	30.15	20.43	19.54	29.88	0.01	0.00
GCC	73	30.25	20.21	19.59	29.95	0.00	0.00
GCC	74	30.02	20.37	19.99	29.62	0.00	0.00
GCC	75	30.17	20.04	19.91	29.87	0.00	0.00
GCC	76	30.00	19.89	20.04	30.07	0.00	0.00
GCC	77	29.90	20.11	20.32	29.66	0.01	0.00
GCC	78	30.15	19.87	20.18	29.81	0.00	0.00
GCC	79	30.36	19.88	19.84	29.92	0.00	0.00
GCC	80	29.90	20.13	20.06	29.91	0.00	0.00
GCC	81	29.69	20.27	19.89	30.15	0.00	0.00
GCC	82	29.95	20.18	19.91	29.96	0.00	0.00
GCC	83	30.23	20.12	20.03	29.63	0.00	0.00
GCC	84	29.80	20.54	19.84	29.81	0.00	0.00
GCC	85	29.78	20.44	19.96	29.82	0.00	0.00
GCC	86	29.85	20.14	20.33	29.68	0.00	0.00
GCC	87	29.87	20.22	20.12	29.79	0.00	0.00
GCC	88	30.14	19.98	20.12	29.76	0.00	0.00
GCC	89	30.18	19.79	20.14	29.89	0.00	0.00
GCC	90	30.15	19.83	20.19	29.84	0.00	0.00
# ACGT content per cycle, read oriented. Use `grep ^GCT | cut -f 2-` to extract this part. The columns are: cycle; A,C,G,T base counts as a percentage of all A/C/G/T bases [%]
GCT	1	14.05	29.66	43.95	12.33
GCT	2	20.39	15.51	38.20	25.90
GCT	3	21.46	24.17	30.29	24.07
GCT	4	24.40	19.09	33.21	23.29
GCT	5	30.29	15.11	29.43	25.17
GCT	6	34.90	17.11	21.30	26.69
GCT	7	25.93	16.36	15.55	42.16
GCT	8	25.68	19.98	18.78	35.55
GCT	9	22.68	21.87	20.49	34.96
GCT	10	37.10	14.73	18.34	29.83
GCT	11	32.72	19.39	22.37	25.52
GCT	12	28.07	21.57	20.21	30.15
GCT	13	30.67	18.44	18.92	31.97
GCT	14	30.62	18.47	20.08	30.83
GCT	15	29.95	19.80	19.53	30.72
GCT	16	30.14	19.26	20.09	30.51
GCT	17	30.00	19.02	20.78	30.21
GCT	18	29.96	19.59	19.79	30.65
GCT	19	30.08	19.35	19.96	30.61
GCT	20	30.15	19.20	20.83	29.82
GCT	21	30.02	19.88	19.84	30.26
GCT	22	30.39	19.58	19.99	30.04
GCT	23	30.25	19.44	20.59	29.72
GCT	24	30.16	19.89	19.73	30.22
GCT	25	30.42	19.77	19.87	29.94
GCT	26	30.61	19.60	20.35	29.44
GCT	27	30.39	20.32	19.39	29.90
GCT	28	30.22	19.95	19.90	29.93
GCT	29	30.01	19.53	20.49	29.96
GCT	30	30.24	20.05	19.72	29.99
GCT	31	30.17	19.93	19.93	29.97
GCT	32	30.35	19.32	20.38	29.96
GCT	33	30.02	20.42	19.83	29.72
GCT	34	30.43	19.98	19.81	29.78
GCT	35	29.88	19.82	20.55	29.75
GCT	36	29.92	20.54	19.79	29.74
GCT	37	30.01	20.16	19.81	30.02
GCT	38	30.00	19.78	20.45	29.78
GCT	39	29.77	20.25	19.81	30.17
GCT	40	30.16	19.83	19.76	30.25
GCT	41	29.78	19.80	20.57	29.84
GCT	42	29.71	20.44	19.67	30.19
GCT	43	29.60	20.09	19.98	30.33
GCT	44	29.98	19.66	20.43	29.93
GCT	45	29.95	20.31	19.87	29.86
GCT	46	30.21	20.05	20.03	29.70
GCT	47	30.19	19.89	20.31	29.60
GCT	48	29.84	20.55	19.78	29.84
GCT	49	29.92	20.43	19.81	29.84
GCT	50	29.74	20.12	20.30	29.84
GCT	51	29.52	20.52	20.03	29.94
GCT	52	29.66	20.05	20.25	30.04
GCT	53	29.87	20.03	20.27	29.83
GCT	54	29.78	20.52	19.72	29.98
GCT	55	29.82	20.10	20.05	30.03
GCT	56	29.78	19.94	20.62	29.66
GCT	57	29.91	20.62	19.49	29.99
GCT	58	29.68	20.10	20.16	30.07
GCT	59	29.82	19.92	20.15	30.11
GCT	60	29.93	20.44	19.78	29.86
GCT	61	29.78	19.98	20.14	30.10
GCT	62	29.94	19.71	20.48	29.87
GCT	63	30.06	20.41	19.91	29.62
GCT	64	30.17	19.87	20.01	29.96
GCT	65	30.15	19.90	19.98	29.98
GCT	66	29.75	20.54	19.67	30.04
GCT	67	29.85	20.13	19.73	30.29
GCT	68	29.92	20.02	20.26	29.80
GCT	69	29.86	20.64	19.59	29.91
GCT	70	29.95	20.23	19.89	29.92
GCT	71	30.14	19.86	20.21	29.80
GCT	72	29.78	20.64	19.34	30.24
GCT	73	29.86	20.10	19.70	30.34
GCT	74	29.49	20.01	20.34	30.15
GCT	75	29.86	20.19	19.77	30.18
GCT	76	29.95	19.91	20.02	30.12
GCT	77	29.78	20.00	20.44	29.78
GCT	78	30.00	20.34	19.70	29.96
GCT	79	30.13	19.87	19.85	30.14
GCT	80	29.95	19.87	20.32	29.86
GCT	81	29.87	20.36	19.80	29.97
GCT	82	30.10	19.95	20.14	29.81
GCT	83	30.01	19.77	20.38	29.85
GCT	84	29.72	20.47	19.91	29.90
GCT	85	29.44	20.32	20.08	30.15
GCT	86	29.69	19.91	20.56	29.84
GCT	87	29.65	20.40	19.94	30.01
GCT	88	29.73	20.16	19.94	30.17
GCT	89	30.01	19.69	20.25	30.05
GCT	90	29.94	20.11	19.90	30.05
# ACGT content per cycle for first fragments. Use `grep ^FBC | cut -f 2-` to extract this part. The columns are: cycle; A,C,G,T base counts as a percentage of all A/C/G/T bases [%]; and N and O counts as a percentage of all A/C/G/T bases [%]
FBC	1	7.71	42.76	41.88	7.65	0.17	0.00
FBC	2	16.59	33.72	33.26	16.43	0.00	0.00
FBC	3	13.87	36.47	36.05	13.61	0.00	0.00
FBC	4	16.73	33.43	33.13	16.71	0.00	0.00
FBC	5	23.50	26.90	26.30	23.29	0.00	0.00
FBC	6	27.87	22.58	22.23	27.33	0.00	0.00
FBC	7	36.58	13.98	13.93	35.51	0.00	0.00
FBC	8	31.91	18.22	18.51	31.35	0.00	0.00
FBC	9	30.02	20.02	20.88	29.08	0.00	0.00
FBC	10	33.73	16.01	16.49	33.77	0.00	0.00
FBC	11	29.63	20.15	20.88	29.33	0.00	0.00
FBC	12	29.40	20.12	20.80	29.68	0.00	0.00
FBC	13	31.39	18.68	18.51	31.41	0.00	0.00
FBC	14	30.80	19.39	19.26	30.55	0.00	0.00
FBC	15	30.65	19.39	19.74	30.22	0.00	0.00
FBC	16	30.57	19.42	19.74	30.27	0.00	0.00
FBC	17	29.92	19.56	20.21	30.31	0.00	0.00
FBC	18	29.90	19.76	19.77	30.57	0.00	0.00
FBC	19	30.18	19.80	19.29	30.73	0.00	0.00
FBC	20	29.67	20.11	20.32	29.91	0.00	0.00
FBC	21	29.79	19.97	20.10	30.14	0.00	0.00
FBC	22	30.02	19.98	19.78	30.22	0.00	0.00
FBC	23	30.05	20.20	20.05	29.70	0.00	0.00
FBC	24	30.01	20.02	20.05	29.93	0.00	0.00
FBC	25	30.44	19.96	19.82	29.77	0.00	0.00
FBC	26	30.41	20.02	20.15	29.41	0.00	0.00
FBC	27	30.43	20.09	20.00	29.48	0.00	0.00
FBC	28	30.70	20.31	19.58	29.41	0.00	0.00
FBC	29	30.05	20.22	19.77	29.97	0.00	0.00
FBC	30	30.13	20.00	19.94	29.93	0.00	0.00
FBC	31	30.25	19.97	19.76	30.02	0.00	0.00
FBC	32	30.42	19.90	19.83	29.85	0.00	0.00
FBC	33	30.29	20.30	20.23	29.18	0.00	0.00
FBC	34	30.61	19.92	19.89	29.57	0.00	0.00
FBC	35	30.15	20.24	20.39	29.22	0.00	0.00
FBC	36	29.97	20.49	20.36	29.18	0.00	0.00
FBC	37	30.22	20.17	20.05	29.56	0.00	0.00
FBC	38	29.91	20.44	19.88	29.77	0.00	0.00
FBC	39	29.95	20.34	20.09	29.62	0.00	0.00
FBC	40	30.30	19.96	19.33	30.41	0.00	0.00
FBC	41	29.81	20.17	20.11	29.90	0.00	0.00
FBC	42	29.99	19.86	20.36	29.79	0.00	0.00
FBC	43	29.84	19.91	19.97	30.28	0.00	0.00
FBC	44	29.72	20.11	19.95	30.22	0.00	0.00
FBC	45	30.02	19.93	20.54	29.52	0.00	0.00
FBC	46	30.43	20.02	19.97	29.58	0.01	0.00
FBC	47	30.25	20.15	20.05	29.55	0.00	0.00
FBC	48	30.04	20.16	20.21	29.58	0.00	0.00
FBC	49	30.21	20.28	19.82	29.69	0.01	0.00
FBC	50	29.84	20.25	20.54	29.37	0.03	0.00
FBC	51	29.86	20.21	20.30	29.63	0.03	0.00
FBC	52	30.17	20.23	19.87	29.73	0.02	0.00
FBC	53	30.18	20.19	20.22	29.42	0.00	0.00
FBC	54	29.93	20.01	20.31	29.75	0.00	0.00
FBC	55	29.82	20.16	19.82	30.20	0.01	0.00
FBC	56	29.91	20.46	20.00	29.63	0.04	0.00
FBC	57	30.38	19.76	20.17	29.69	0.02	0.00
FBC	58	30.16	19.93	20.18	29.73	0.03	0.00
FBC	59	29.98	20.10	19.89	30.04	0.05	0.00
FBC	60	29.75	19.79	20.50	29.97	0.03	0.00
FBC	61	29.88	19.77	20.42	29.93	0.01	0.00
FBC	62	30.39	19.84	20.05	29.72	0.02	0.00
FBC	63	30.26	20.06	20.40	29.28	0.01	0.00
FBC	64	30.29	19.98	19.84	29.89	0.04	0.00
FBC	65	30.46	19.79	19.55	30.21	0.01	0.00
FBC	66	29.52	19.79	20.09	30.60	0.00	0.00
FBC	67	30.50	20.05	19.62	29.83	0.01	0.00
FBC	68	30.07	20.30	19.91	29.72	0.00	0.00
FBC	69	29.81	20.25	20.09	29.85	0.04	0.00
FBC	70	30.56	19.98	19.96	29.51	0.04	0.00
FBC	71	30.52	20.01	19.93	29.54	0.03	0.00
FBC	72	30.09	20.71	19.46	29.74	0.02	0.00
FBC	73	30.50	19.99	19.43	30.08	0.00	0.00
FBC	74	29.89	20.17	19.92	30.02	0.00	0.00
FBC	75	30.26	19.95	19.71	30.08	0.00	0.00
FBC	76	29.91	19.72	20.18	30.19	0.00	0.00
FBC	77	29.98	20.08	20.50	29.44	0.01	0.00
FBC	78	30.53	19.66	20.33	29.48	0.00	0.00
FBC	79	30.68	19.62	19.71	29.99	0.00	0.00
FBC	80	29.86	20.13	19.95	30.06	0.00	0.00
FBC	81	29.69	19.97	20.05	30.28	0.00	0.00
FBC	82	29.79	20.33	19.99	29.88	0.00	0.00
FBC	83	29.99	20.30	19.99	29.72	0.00	0.00
FBC	84	29.56	20.76	19.91	29.78	0.00	0.00
FBC	85	29.80	20.57	19.76	29.87	0.00	0.00
FBC	86	29.70	20.40	20.27	29.63	0.00	0.00
FBC	87	29.59	20.46	20.49	29.47	0.00	0.00
FBC	88	30.28	20.03	20.11	29.58	0.00	0.00
FBC	89	30.45	19.61	20.05	29.88	0.00	0.00
FBC	90	30.18	19.49	20.35	29.97	0.00	0.00
# ACGT raw counters for first fragments. Use `grep ^FTC | cut -f 2-` to extract this part. The columns are: A,C,G,T,N base counters
FTC	359765521	253570261	253107800	356310429	95249
# ACGT content per cycle for last fragments. Use `grep ^LBC | cut -f 2-` to extract this part. The columns are: cycle; A,C,G,T base counts as a percentage of all A/C/G/T bases [%]; and N and O counts as a percentage of all A/C/G/T bases [%]
LBC	1	18.76	31.32	31.30	18.62	0.00	0.00
LBC	2	29.86	20.04	20.41	29.69	0.00	0.00
LBC	3	31.72	18.46	17.96	31.86	0.00	0.00
LBC	4	30.92	19.23	18.82	31.03	0.00	0.00
LBC	5	32.20	17.88	17.99	31.93	0.00	0.00
LBC	6	33.67	16.05	15.98	34.31	0.00	0.00
LBC	7	31.76	18.05	17.86	32.32	0.00	0.00
LBC	8	29.34	20.23	20.58	29.85	0.00	0.00
LBC	9	27.86	21.82	22.00	28.32	0.00	0.00
LBC	10	33.19	16.82	16.83	33.15	0.00	0.00
LBC	11	28.50	21.15	21.34	29.01	0.00	0.00
LBC	12	28.80	21.46	21.17	28.57	0.00	0.00
LBC	13	31.18	18.96	18.57	31.30	0.00	0.00
LBC	14	30.57	19.17	19.29	30.98	0.00	0.00
LBC	15	30.17	20.11	19.42	30.29	0.00	0.00
LBC	16	30.05	19.88	19.66	30.41	0.00	0.00
LBC	17	29.64	20.00	19.82	30.54	0.00	0.00
LBC	18	30.43	19.78	19.46	30.33	0.00	0.00
LBC	19	29.99	20.06	19.48	30.47	0.00	0.00
LBC	20	29.85	19.82	19.81	30.52	0.00	0.00
LBC	21	30.23	19.59	19.78	30.40	0.00	0.00
LBC	22	30.03	19.45	19.92	30.60	0.00	0.00
LBC	23	29.84	19.71	20.11	30.34	0.00	0.00
LBC	24	30.15	19.70	19.47	30.68	0.00	0.00
LBC	25	30.06	19.65	19.84	30.44	0.00	0.00
LBC	26	30.03	19.74	19.99	30.24	0.00	0.00
LBC	27	30.17	19.76	19.57	30.50	0.00	0.00
LBC	28	30.13	19.99	19.83	30.06	0.00	0.00
LBC	29	29.82	19.81	20.25	30.12	0.00	0.00
LBC	30	29.94	19.95	19.66	30.45	0.00	0.00
LBC	31	29.82	20.28	19.70	30.20	0.00	0.00
LBC	32	29.99	19.71	19.95	30.35	0.00	0.00
LBC	33	29.74	20.20	19.78	30.28	0.00	0.00
LBC	34	29.78	20.01	19.75	30.46	0.00	0.00
LBC	35	29.70	20.10	20.01	30.19	0.00	0.00
LBC	36	29.84	19.83	19.99	30.34	0.00	0.00
LBC	37	30.23	19.97	19.74	30.06	0.00	0.00
LBC	38	29.93	20.17	19.96	29.94	0.00	0.00
LBC	39	30.23	20.05	19.64	30.08	0.00	0.00
LBC	40	30.03	20.13	19.76	30.08	0.00	0.00
LBC	41	29.59	20.32	20.13	29.95	0.00	0.00
LBC	42	30.17	20.34	19.65	29.84	0.00	0.00
LBC	43	30.04	20.17	20.09	29.70	0.00	0.00
LBC	44	30.15	20.10	20.01	29.73	0.00	0.00
LBC	45	30.25	20.22	19.67	29.86	0.00	0.00
LBC	46	29.86	20.22	19.95	29.97	0.00	0.00
LBC	47	29.84	20.11	20.10	29.95	0.00	0.00
LBC	48	29.95	20.17	20.11	29.77	0.00	0.00
LBC	49	29.91	20.18	20.21	29.70	0.00	0.00
LBC	50	30.17	19.88	20.18	29.77	0.00	0.00
LBC	51	29.85	20.45	20.13	29.57	0.00	0.00
LBC	52	29.89	20.24	20.27	29.60	0.01	0.00
LBC	53	30.28	20.09	20.11	29.52	0.01	0.00
LBC	54	29.90	20.18	19.99	29.93	0.01	0.00
LBC	55	29.84	20.24	20.08	29.84	0.00	0.00
LBC	56	29.94	20.24	20.42	29.40	0.00	0.00
LBC	57	30.04	20.06	20.23	29.67	0.00	0.00
LBC	58	30.17	20.29	20.10	29.44	0.00	0.00
LBC	59	29.99	20.08	20.08	29.86	0.00	0.00
LBC	60	30.16	20.29	19.85	29.70	0.00	0.00
LBC	61	30.24	20.06	20.00	29.71	0.00	0.00
LBC	62	29.77	20.38	20.10	29.74	0.00	0.00
LBC	63	30.15	20.23	19.95	29.67	0.00	0.00
LBC	64	30.35	19.98	19.94	29.73	0.00	0.00
LBC	65	30.07	20.15	20.27	29.52	0.00	0.00
LBC	66	29.69	20.54	19.99	29.78	0.00	0.00
LBC	67	30.02	20.07	19.98	29.93	0.00	0.00
LBC	68	30.15	20.07	20.29	29.49	0.00	0.00
LBC	69	29.98	20.18	19.94	29.90	0.00	0.00
LBC	70	29.81	20.20	20.12	29.87	0.00	0.00
LBC	71	29.91	20.19	20.00	29.90	0.00	0.00
LBC	72	30.20	20.16	19.62	30.02	0.00	0.00
LBC	73	30.01	20.42	19.75	29.82	0.00	0.00
LBC	74	30.16	20.56	20.06	29.22	0.00	0.00
LBC	75	30.08	20.14	20.11	29.66	0.00	0.00
LBC	76	30.09	20.06	19.90	29.95	0.00	0.00
LBC	77	29.83	20.15	20.14	29.89	0.00	0.00
LBC	78	29.77	20.08	20.02	30.13	0.00	0.00
LBC	79	30.03	20.15	19.97	29.85	0.00	0.00
LBC	80	29.95	20.13	20.17	29.75	0.00	0.00
LBC	81	29.69	20.57	19.73	30.02	0.00	0.00
LBC	82	30.10	20.04	19.82	30.04	0.00	0.00
LBC	83	30.46	19.94	20.06	29.53	0.00	0.00
LBC	84	30.05	20.32	19.78	29.85	0.00	0.00
LBC	85	29.75	20.32	20.16	29.77	0.00	0.00
LBC	86	30.00	19.88	20.38	29.74	0.00	0.00
LBC	87	30.15	19.98	19.76	30.11	0.01	0.00
LBC	88	30.01	19.92	20.14	29.94	0.01	0.00
LBC	89	29.91	19.97	20.23	29.89	0.00	0.00
LBC	90	30.12	20.16	20.02	29.70	0.00	0.00
# ACGT raw counters for last fragments. Use `grep ^LTC | cut -f 2-` to extract this part. The columns are: A,C,G,T,N base counters
LTC	366672483	245509059	244051048	366604649	12021
# Insert sizes. Use `grep ^IS | cut -f 2-` to extract this part. The columns are: insert size, pairs total, inward oriented pairs, outward oriented pairs, other pairs
IS	0	0	0	0	0
IS	1	0	0	0	0
IS	2	0	0	0	0
IS	3	0	0	0	0
IS	4	0	0	0	0
IS	5	0	0	0	0
IS	6	0	0	0	0
IS	7	0	0	0	0
IS	8	0	0	0	0
IS	9	0	0	0	0
IS	10	0	0	0	0
IS	11	0	0	0	0
IS	12	0	0	0	0
IS	13	0	0	0	0
IS	14	0	0	0	0
IS	15	0	0	0	0
IS	16	0	0	0	0
IS	17	0	0	0	0
IS	18	0	0	0	0
IS	19	0	0	0	0
IS	20	0	0	0	0
IS	21	0	0	0	0
IS	22	0	0	0	0
IS	23	0	0	0	0
IS	24	0	0	0	0
IS	25	0	0	0	0
IS	26	0	0	0	0
IS	27	0	0	0	0
IS	28	0	0	0	0
IS	29	0	0	0	0
IS	30	0	0	0	0
IS	31	0	0	0	0
IS	32	1	0	1	0
IS	33	0	0	0	0
IS	34	0	0	0	0
IS	35	0	0	0	0
IS	36	0	0	0	0
IS	37	0	0	0	0
IS	38	0	0	0	0
IS	39	1	1	0	0
IS	40	1	0	1	0
IS	41	2	1	1	0
IS	42	1	0	1	0
IS	43	0	0	0	0
IS	44	1	0	1	0
IS	45	1	1	0	0
IS	46	1	1	0	0
IS	47	2	1	1	0
IS	48	1	1	0	0
IS	49	1	0	1	0
IS	50	3	1	2	0
IS	51	0	0	0	0
IS	52	2	1	1	0
IS	53	1	0	1	0
IS	54	11	2	9	0
IS	55	1	1	0	0
IS	56	3	2	1	0
IS	57	6	3	3	0
IS	58	18	6	12	0
IS	59	4	1	3	0
IS	60	11	5	6	0
IS	61	8	5	3	0
IS	62	3	1	2	0
IS	63	9	9	0	0
IS	64	13	7	6	0
IS	65	9	7	2	0
IS	66	10	7	3	0
IS	67	11	6	5	0
IS	68	13	11	2	0
IS	69	20	12	8	0
IS	70	15	7	8	0
IS	71	21	11	10	0
IS	72	24	18	6	0
IS	73	30	24	6	0
IS	74	12	9	3	0
IS	75	17	11	6	0
IS	76	30	20	10	0
IS	77	27	22	5	0
IS	78	38	23	15	0
IS	79	44	27	17	0
IS	80	85	43	42	0
IS	81	226	119	107	0
IS	82	241	129	112	0
IS	83	230	110	120	0
IS	84	298	145	153	0
IS	85	288	151	137	0
IS	86	280	152	128	0
IS	87	272	153	119	0
IS	88	298	186	112	0
IS	89	409	223	186	0
IS	90	1119	739	380	0
IS	91	1116	1115	1	0
IS	92	1132	1132	0	0
IS	93	1179	1179	0	0
IS	94	1159	1158	1	0
IS	95	1140	1140	0	0
IS	96	1193	1193	0	0
IS	97	1262	1262	0	0
IS	98	1159	1158	1	0
IS	99	1145	1145	0	0
IS	100	1208	1208	0	0
IS	101	1114	1114	0	0
IS	102	1100	1100	0	0
IS	103	1133	1132	1	0
IS	104	1126	1126	0	0
IS	105	1047	1047	0	0
IS	106	1181	1181	0	0
IS	107	1066	1066	0	0
IS	108	1063	1063	0	0
IS	109	1094	1094	0	0
IS	110	1029	1029	0	0
IS	111	991	991	0	0
IS	112	1009	1009	0	0
IS	113	977	976	1	0
IS	114	998	998	0	0
IS	115	968	968	0	0
IS	116	940	940	0	0
IS	117	936	936	0	0
IS	118	947	947	0	0
IS	119	949	949	0	0
IS	120	1019	1019	0	0
IS	121	836	836	0	0
IS	122	884	883	1	0
IS	123	923	922	1	0
IS	124	993	993	0	0
IS	125	892	892	0	0
IS	126	912	912	0	0
IS	127	972	972	0	0
IS	128	924	924	0	0
IS	129	992	992	0	0
IS	130	950	950	0	0
IS	131	996	995	1	0
IS	132	1022	1021	1	0
IS	133	1024	1024	0	0
IS	134	1059	1059	0	0
IS	135	1075	1074	1	0
IS	136	1107	1107	0	0
IS	137	1158	1158	0	0
IS	138	1149	1148	1	0
IS	139	1130	1128	2	0
IS	140	1219	1218	1	0
IS	141	1179	1179	0	0
IS	142	1273	1273	0	0
IS	143	1327	1327	0	0
IS	144	1341	1340	1	0
IS	145	1351	1348	3	0
IS	146	1516	1514	2	0
IS	147	1541	1540	1	0
IS	148	1621	1621	0	0
IS	149	1592	1590	2	0
IS	150	1686	1685	1	0
IS	151	1852	1851	1	0
IS	152	1892	1890	2	0
IS	153	2135	2135	0	0
IS	154	2074	2074	0	0
IS	155	2168	2168	0	0
IS	156	2331	2331	0	0
IS	157	2515	2515	0	0
IS	158	2537	2537	0	0
IS	159	2778	2778	0	0
IS	160	2851	2851	0	0
IS	161	2814	2814	0	0
IS	162	3102	3102	0	0
IS	163	3337	3337	0	0
IS	164	3328	3328	0	0
IS	165	3360	3360	0	0
IS	166	3690	3690	0	0
IS	167	3874	3874	0	0
IS	168	4234	4234	0	0
IS	169	4462	4462	0	0
IS	170	4817	4817	0	0
IS	171	5259	5259	0	0
IS	172	5936	5936	0	0
IS	173	7983	7983	0	0
IS	174	7804	7803	1	0
IS	175	9590	9590	0	0
IS	176	11632	11632	0	0
IS	177	10432	10429	3	0
IS	178	11464	11464	0	0
IS	179	12064	12064	0	0
IS	180	13651	13651	0	0
IS	181	15707	15707	0	0
IS	182	18542	18542	0	0
IS	183	21015	21015	0	0
IS	184	24763	24763	0	0
IS	185	29298	29298	0	0
IS	186	35575	35575	0	0
IS	187	42953	42953	0	0
IS	188	53016	53016	0	0
IS	189	65110	65110	0	0
IS	190	80416	80416	0	0
IS	191	95748	95748	0	0
IS	192	116367	116367	0	0
IS	193	139993	139993	0	0
IS	194	159578	159578	0	0
IS	195	195253	195253	0	0
IS	196	215158	215158	0	0
IS	197	243606	243605	1	0
IS	198	270486	270486	0	0
IS	199	295532	295532	0	0
IS	200	321052	321052	0	0
IS	201	346693	346693	0	0
IS	202	373795	373795	0	0
IS	203	376276	376273	3	0
IS	204	392207	392207	0	0
IS	205	402545	402545	0	0
IS	206	404116	404116	0	0
IS	207	406620	406620	0	0
IS	208	402908	402908	0	0
IS	209	404516	404516	0	0
IS	210	412507	412507	0	0
IS	211	400969	400969	0	0
IS	212	396018	396018	0	0
IS	213	393438	393438	0	0
IS	214	392115	392115	0	0
IS	215	384725	384725	0	0
IS	216	378278	378278	0	0
IS	217	378171	378171	0	0
IS	218	366334	366334	0	0
IS	219	344336	344336	0	0
IS	220	334802	334802	0	0
IS	221	325151	325151	0	0
IS	222	307618	307618	0	0
IS	223	291083	291083	0	0
IS	224	272266	272266	0	0
IS	225	253407	253407	0	0
IS	226	230989	230989	0	0
IS	227	205212	205212	0	0
IS	228	189563	189563	0	0
IS	229	168719	168719	0	0
IS	230	146073	146073	0	0
IS	231	122853	122853	0	0
IS	232	105016	105016	0	0
IS	233	86144	86144	0	0
IS	234	70666	70666	0	0
IS	235	58711	58711	0	0
IS	236	46378	46378	0	0
IS	237	36249	36249	0	0
IS	238	28010	28010	0	0
IS	239	21479	21479	0	0
IS	240	16310	16310	0	0
IS	241	12616	12616	0	0
IS	242	9049	9049	0	0
IS	243	6730	6730	0	0
IS	244	4947	4947	0	0
IS	245	3868	3868	0	0
IS	246	2990	2990	0	0
IS	247	2395	2395	0	0
IS	248	1975	1975	0	0
IS	249	1565	1565	0	0
IS	250	1350	1350	0	0
IS	251	1176	1176	0	0
IS	252	1294	1294	0	0
IS	253	1220	1219	1	0
IS	254	1492	1492	0	0
IS	255	1282	1282	0	0
IS	256	1396	1396	0	0
IS	257	1239	1239	0	0
IS	258	1484	1484	0	0
IS	259	1957	1957	0	0
IS	260	1681	1681	0	0
IS	261	1699	1699	0	0
IS	262	1636	1636	0	0
IS	263	2313	2313	0	0
IS	264	2073	2073	0	0
IS	265	2070	2070	0	0
IS	266	2247	2247	0	0
IS	267	1959	1959	0	0
IS	268	2202	2202	0	0
IS	269	2412	2412	0	0
IS	270	2652	2652	0	0
IS	271	3069	3069	0	0
IS	272	2852	2852	0	0
IS	273	2557	2557	0	0
IS	274	2419	2419	0	0
IS	275	2404	2404	0	0
IS	276	2261	2261	0	0
IS	277	2220	2220	0	0
IS	278	2393	2393	0	0
IS	279	2623	2623	0	0
IS	280	2901	2901	0	0
IS	281	2018	2018	0	0
IS	282	1898	1898	0	0
# Read lengths. Use `grep ^RL | cut -f 2-` to extract this part. The columns are: read length, count
RL	90	27174428
# Read lengths - first fragments. Use `grep ^FRL | cut -f 2-` to extract this part. The columns are: read length, count
FRL	90	13587214
# Read lengths - last fragments. Use `grep ^LRL | cut -f 2-` to extract this part. The columns are: read length, count
LRL	90	13587214
# Indel distribution. Use `grep ^ID | cut -f 2-` to extract this part. The columns are: length, number of insertions, number of deletions
ID	1	77260	40761
ID	2	8144	12271
ID	3	5498	7445
ID	4	258	2143
ID	5	60	1063
ID	6	51	1648
ID	7	9	90
ID	8	17	57
ID	9	73	213
ID	10	1	88
ID	11	1	31
ID	12	6	23
ID	13	0	8
ID	14	0	23
ID	15	0	15
ID	16	0	1
ID	18	1	1
ID	19	0	3
# Indels per cycle. Use `grep ^IC | cut -f 2-` to extract this part. The columns are: cycle, number of insertions (fwd), .. (rev) , number of deletions (fwd), .. (rev)
IC	2	0	0	0	1
IC	4	0	0	0	1
IC	5	0	0	10	38
IC	6	50	9	30	24
IC	7	110	82	46	117
IC	8	135	243	101	186
IC	9	107	533	208	270
IC	10	121	382	135	247
IC	11	79	275	209	251
IC	12	94	283	195	354
IC	13	149	370	180	288
IC	14	154	387	231	341
IC	15	204	425	523	379
IC	16	186	483	313	398
IC	17	281	633	498	433
IC	18	220	726	325	406
IC	19	276	709	373	396
IC	20	296	816	376	472
IC	21	351	746	351	397
IC	22	514	753	323	415
IC	23	364	679	582	411
IC	24	439	616	421	451
IC	25	360	646	354	382
IC	26	348	706	514	431
IC	27	314	789	468	469
IC	28	343	709	725	465
IC	29	402	668	524	416
IC	30	338	602	521	492
IC	31	351	612	543	384
IC	32	731	773	619	504
IC	33	537	818	740	395
IC	34	488	647	623	456
IC	35	690	799	577	408
IC	36	629	696	516	482
IC	37	719	764	404	456
IC	38	837	731	498	528
IC	39	494	577	482	466
IC	40	650	675	636	478
IC	41	669	989	558	800
IC	42	517	709	538	457
IC	43	494	541	719	444
IC	44	504	727	723	455
IC	45	600	832	857	447
IC	46	844	631	476	527
IC	47	707	644	1238	454
IC	48	708	668	702	489
IC	49	1037	686	462	459
IC	50	1007	703	527	530
IC	51	609	663	461	450
IC	52	719	837	360	659
IC	53	596	614	519	425
IC	54	751	602	494	404
IC	55	597	620	429	492
IC	56	644	757	463	419
IC	57	953	820	413	458
IC	58	924	749	499	480
IC	59	745	923	619	411
IC	60	670	644	593	458
IC	61	691	1006	539	363
IC	62	612	743	428	373
IC	63	589	1050	480	404
IC	64	674	610	442	405
IC	65	752	686	584	388
IC	66	768	813	497	391
IC	67	906	697	475	344
IC	68	610	779	646	401
IC	69	898	890	468	355
IC	70	796	689	679	400
IC	71	812	630	472	349
IC	72	1216	520	339	331
IC	73	757	677	437	323
IC	74	523	537	389	303
IC	75	505	523	285	289
IC	76	500	457	315	271
IC	77	453	424	314	300
IC	78	334	364	276	367
IC	79	367	362	281	280
IC	80	1425	506	243	253
IC	81	230	465	260	212
IC	82	348	407	278	216
IC	83	597	434	132	104
IC	84	197	123	46	74
IC	85	27	12	39	8
IC	86	7	4	3	3
# Coverage distribution. Use `grep ^COV | cut -f 2-` to extract this part.
COV	[1-1]	1	498191
COV	[2-2]	2	350442
COV	[3-3]	3	264182
COV	[4-4]	4	218220
COV	[5-5]	5	188398
COV	[6-6]	6	167202
COV	[7-7]	7	153904
COV	[8-8]	8	142803
COV	[9-9]	9	133864
COV	[10-10]	10	127888
COV	[11-11]	11	120449
COV	[12-12]	12	114389
COV	[13-13]	13	111696
COV	[14-14]	14	106771
COV	[15-15]	15	102780
COV	[16-16]	16	101703
COV	[17-17]	17	99208
COV	[18-18]	18	97282
COV	[19-19]	19	95010
COV	[20-20]	20	91325
COV	[21-21]	21	88139
COV	[22-22]	22	88059
COV	[23-23]	23	85068
COV	[24-24]	24	83627
COV	[25-25]	25	83416
COV	[26-26]	26	81341
COV	[27-27]	27	79836
COV	[28-28]	28	79078
COV	[29-29]	29	75457
COV	[30-30]	30	75365
COV	[31-31]	31	73439
COV	[32-32]	32	72909
COV	[33-33]	33	71806
COV	[34-34]	34	71008
COV	[35-35]	35	68501
COV	[36-36]	36	67145
COV	[37-37]	37	66657
COV	[38-38]	38	65919
COV	[39-39]	39	65960
COV	[40-40]	40	64345
COV	[41-41]	41	62524
COV	[42-42]	42	60447
COV	[43-43]	43	61126
COV	[44-44]	44	59586
COV	[45-45]	45	58741
COV	[46-46]	46	57456
COV	[47-47]	47	56551
COV	[48-48]	48	55926
COV	[49-49]	49	55606
COV	[50-50]	50	55401
COV	[51-51]	51	53448
COV	[52-52]	52	53198
COV	[53-53]	53	52347
COV	[54-54]	54	51228
COV	[55-55]	55	50739
COV	[56-56]	56	49917
COV	[57-57]	57	48418
COV	[58-58]	58	48495
COV	[59-59]	59	47531
COV	[60-60]	60	46792
COV	[61-61]	61	45669
COV	[62-62]	62	45344
COV	[63-63]	63	44103
COV	[64-64]	64	44699
COV	[65-65]	65	43456
COV	[66-66]	66	43314
COV	[67-67]	67	42253
COV	[68-68]	68	41871
COV	[69-69]	69	41252
COV	[70-70]	70	40722
COV	[71-71]	71	39662
COV	[72-72]	72	40248
COV	[73-73]	73	39441
COV	[74-74]	74	38848
COV	[75-75]	75	38544
COV	[76-76]	76	37496
COV	[77-77]	77	38359
COV	[78-78]	78	36566
COV	[79-79]	79	35943
COV	[80-80]	80	35959
COV	[81-81]	81	35524
COV	[82-82]	82	35463
COV	[83-83]	83	34771
COV	[84-84]	84	34517
COV	[85-85]	85	34553
COV	[86-86]	86	34091
COV	[87-87]	87	33083
COV	[88-88]	88	32342
COV	[89-89]	89	32286
COV	[90-90]	90	32552
COV	[91-91]	91	32259
COV	[92-92]	92	31451
COV	[93-93]	93	31176
COV	[94-94]	94	30832
COV	[95-95]	95	30722
COV	[96-96]	96	30218
COV	[97-97]	97	29477
COV	[98-98]	98	29531
COV	[99-99]	99	29737
COV	[100-100]	100	28991
COV	[101-101]	101	28514
COV	[102-102]	102	28570
COV	[103-103]	103	28144
COV	[104-104]	104	28345
COV	[105-105]	105	28010
COV	[106-106]	106	27342
COV	[107-107]	107	27064
COV	[108-108]	108	26856
COV	[109-109]	109	26066
COV	[110-110]	110	26028
COV	[111-111]	111	26514
COV	[112-112]	112	25377
COV	[113-113]	113	25470
COV	[114-114]	114	25188
COV	[115-115]	115	25131
COV	[116-116]	116	24814
COV	[117-117]	117	24378
COV	[118-118]	118	23744
COV	[119-119]	119	24324
COV	[120-120]	120	24101
COV	[121-121]	121	23310
COV	[122-122]	122	24359
COV	[123-123]	123	23763
COV	[124-124]	124	23346
COV	[125-125]	125	23597
COV	[126-126]	126	23042
COV	[127-127]	127	22487
COV	[128-128]	128	22285
COV	[129-129]	129	21802
COV	[130-130]	130	22291
COV	[131-131]	131	21367
COV	[132-132]	132	21061
COV	[133-133]	133	21007
COV	[134-134]	134	20915
COV	[135-135]	135	21001
COV	[136-136]	136	21183
COV	[137-137]	137	21056
COV	[138-138]	138	20343
COV	[139-139]	139	20232
COV	[140-140]	140	20416
COV	[141-141]	141	20041
COV	[142-142]	142	19921
COV	[143-143]	143	19202
COV	[144-144]	144	19028
COV	[145-145]	145	19066
COV	[146-146]	146	19554
COV	[147-147]	147	18836
COV	[148-148]	148	18580
COV	[149-149]	149	18120
COV	[150-150]	150	18278
COV	[151-151]	151	18323
COV	[152-152]	152	17910
COV	[153-153]	153	17939
COV	[154-154]	154	17631
COV	[155-155]	155	17145
COV	[156-156]	156	17204
COV	[157-157]	157	17220
COV	[158-158]	158	16545
COV	[159-159]	159	16280
COV	[160-160]	160	16160
COV	[161-161]	161	16211
COV	[162-162]	162	16545
COV	[163-163]	163	16438
COV	[164-164]	164	15958
COV	[165-165]	165	16083
COV	[166-166]	166	16202
COV	[167-167]	167	15760
COV	[168-168]	168	15401
COV	[169-169]	169	15157
COV	[170-170]	170	15870
COV	[171-171]	171	15251
COV	[172-172]	172	15491
COV	[173-173]	173	14977
COV	[174-174]	174	15154
COV	[175-175]	175	15101
COV	[176-176]	176	14334
COV	[177-177]	177	14612
COV	[178-178]	178	14459
COV	[179-179]	179	14546
COV	[180-180]	180	14407
COV	[181-181]	181	14320
COV	[182-182]	182	14652
COV	[183-183]	183	14472
COV	[184-184]	184	13934
COV	[185-185]	185	13458
COV	[186-186]	186	13613
COV	[187-187]	187	13937
COV	[188-188]	188	13602
COV	[189-189]	189	13847
COV	[190-190]	190	13761
COV	[191-191]	191	13583
COV	[192-192]	192	13048
COV	[193-193]	193	12949
COV	[194-194]	194	13039
COV	[195-195]	195	13014
COV	[196-196]	196	12529
COV	[197-197]	197	12548
COV	[198-198]	198	12271
COV	[199-199]	199	12574
COV	[200-200]	200	12702
COV	[201-201]	201	12307
COV	[202-202]	202	12230
COV	[203-203]	203	12184
COV	[204-204]	204	12006
COV	[205-205]	205	11751
COV	[206-206]	206	11719
COV	[207-207]	207	11720
COV	[208-208]	208	11785
COV	[209-209]	209	11913
COV	[210-210]	210	11437
COV	[211-211]	211	11167
COV	[212-212]	212	11305
COV	[213-213]	213	11138
COV	[214-214]	214	10978
COV	[215-215]	215	10961
COV	[216-216]	216	10878
COV	[217-217]	217	10817
COV	[218-218]	218	10967
COV	[219-219]	219	10867
COV	[220-220]	220	10791
COV	[221-221]	221	10519
COV	[222-222]	222	10668
COV	[223-223]	223	10885
COV	[224-224]	224	10519
COV	[225-225]	225	10611
COV	[226-226]	226	10248
COV	[227-227]	227	10387
COV	[228-228]	228	10239
COV	[229-229]	229	10136
COV	[230-230]	230	10282
COV	[231-231]	231	9988
COV	[232-232]	232	9983
COV	[233-233]	233	10065
COV	[234-234]	234	9758
COV	[235-235]	235	9970
COV	[236-236]	236	9599
COV	[237-237]	237	9484
COV	[238-238]	238	9569
COV	[239-239]	239	9492
COV	[240-240]	240	9630
COV	[241-241]	241	9550
COV	[242-242]	242	9122
COV	[243-243]	243	9089
COV	[244-244]	244	8851
COV	[245-245]	245	8848
COV	[246-246]	246	8862
COV	[247-247]	247	8618
COV	[248-248]	248	8754
COV	[249-249]	249	8406
COV	[250-250]	250	8674
COV	[251-251]	251	8801
COV	[252-252]	252	8719
COV	[253-253]	253	8646
COV	[254-254]	254	8555
COV	[255-255]	255	8415
COV	[256-256]	256	8437
COV	[257-257]	257	8449
COV	[258-258]	258	8384
COV	[259-259]	259	8551
COV	[260-260]	260	8218
COV	[261-261]	261	7971
COV	[262-262]	262	8194
COV	[263-263]	263	7831
COV	[264-264]	264	7886
COV	[265-265]	265	7615
COV	[266-266]	266	7642
COV	[267-267]	267	7483
COV	[268-268]	268	7559
COV	[269-269]	269	7572
COV	[270-270]	270	7731
COV	[271-271]	271	7676
COV	[272-272]	272	7589
COV	[273-273]	273	7589
COV	[274-274]	274	7366
COV	[275-275]	275	7480
COV	[276-276]	276	7500
COV	[277-277]	277	7266
COV	[278-278]	278	7247
COV	[279-279]	279	7076
COV	[280-280]	280	7274
COV	[281-281]	281	7175
COV	[282-282]	282	7189
COV	[283-283]	283	6985
COV	[284-284]	284	7030
COV	[285-285]	285	6884
COV	[286-286]	286	6876
COV	[287-287]	287	7019
COV	[288-288]	288	7125
COV	[289-289]	289	7048
COV	[290-290]	290	6830
COV	[291-291]	291	6764
COV	[292-292]	292	6603
COV	[293-293]	293	6536
COV	[294-294]	294	6890
COV	[295-295]	295	6503
COV	[296-296]	296	6459
COV	[297-297]	297	6390
COV	[298-298]	298	6129
COV	[299-299]	299	6406
COV	[300-300]	300	6094
COV	[301-301]	301	6473
COV	[302-302]	302	6248
COV	[303-303]	303	6009
COV	[304-304]	304	6051
COV	[305-305]	305	6203
COV	[306-306]	306	6161
COV	[307-307]	307	6212
COV	[308-308]	308	6120
COV	[309-309]	309	6261
COV	[310-310]	310	6189
COV	[311-311]	311	6157
COV	[312-312]	312	6242
COV	[313-313]	313	6152
COV	[314-314]	314	5995
COV	[315-315]	315	6011
COV	[316-316]	316	5871
COV	[317-317]	317	5753
COV	[318-318]	318	5705
COV	[319-319]	319	5759
COV	[320-320]	320	5784
COV	[321-321]	321	5675
COV	[322-322]	322	5653
COV	[323-323]	323	5782
COV	[324-324]	324	5799
COV	[325-325]	325	5771
COV	[326-326]	326	5646
COV	[327-327]	327	5632
COV	[328-328]	328	5423
COV	[329-329]	329	5530
COV	[330-330]	330	5331
COV	[331-331]	331	5287
COV	[332-332]	332	5604
COV	[333-333]	333	5218
COV	[334-334]	334	5285
COV	[335-335]	335	5392
COV	[336-336]	336	5363
COV	[337-337]	337	5364
COV	[338-338]	338	5134
COV	[339-339]	339	5158
COV	[340-340]	340	5131
COV	[341-341]	341	5137
COV	[342-342]	342	5035
COV	[343-343]	343	4983
COV	[344-344]	344	4984
COV	[345-345]	345	5012
COV	[346-346]	346	5236
COV	[347-347]	347	5451
COV	[348-348]	348	4957
COV	[349-349]	349	4918
COV	[350-350]	350	4839
COV	[351-351]	351	4739
COV	[352-352]	352	4833
COV	[353-353]	353	4913
COV	[354-354]	354	4876
COV	[355-355]	355	4690
COV	[356-356]	356	4659
COV	[357-357]	357	4744
COV	[358-358]	358	4488
COV	[359-359]	359	4476
COV	[360-360]	360	4534
COV	[361-361]	361	4625
COV	[362-362]	362	4553
COV	[363-363]	363	4421
COV	[364-364]	364	4662
COV	[365-365]	365	4534
COV	[366-366]	366	4461
COV	[367-367]	367	4653
COV	[368-368]	368	4490
COV	[369-369]	369	4396
COV	[370-370]	370	4458
COV	[371-371]	371	4498
COV	[372-372]	372	4525
COV	[373-373]	373	4326
COV	[374-374]	374	4221
COV	[375-375]	375	4372
COV	[376-376]	376	4491
COV	[377-377]	377	4240
COV	[378-378]	378	4289
COV	[379-379]	379	4205
COV	[380-380]	380	4216
COV	[381-381]	381	4269
COV	[382-382]	382	4286
COV	[383-383]	383	4201
COV	[384-384]	384	4217
COV	[385-385]	385	4093
COV	[386-386]	386	4123
COV	[387-387]	387	3977
COV	[388-388]	388	3848
COV	[389-389]	389	4082
COV	[390-390]	390	4148
COV	[391-391]	391	3950
COV	[392-392]	392	4058
COV	[393-393]	393	3988
COV	[394-394]	394	3852
COV	[395-395]	395	3910
COV	[396-396]	396	3844
COV	[397-397]	397	3789
COV	[398-398]	398	3642
COV	[399-399]	399	3681
COV	[400-400]	400	3732
COV	[401-401]	401	3808
COV	[402-402]	402	3809
COV	[403-403]	403	3706
COV	[404-404]	404	3705
COV	[405-405]	405	3856
COV	[406-406]	406	3701
COV	[407-407]	407	3808
COV	[408-408]	408	3756
COV	[409-409]	409	3722
COV	[410-410]	410	3708
COV	[411-411]	411	3800
COV	[412-412]	412	3656
COV	[413-413]	413	3585
COV	[414-414]	414	3573
COV	[415-415]	415	3502
COV	[416-416]	416	3541
COV	[417-417]	417	3344
COV	[418-418]	418	3364
COV	[419-419]	419	3484
COV	[420-420]	420	3237
COV	[421-421]	421	3487
COV	[422-422]	422	3483
COV	[423-423]	423	3429
COV	[424-424]	424	3378
COV	[425-425]	425	3390
COV	[426-426]	426	3441
COV	[427-427]	427	3391
COV	[428-428]	428	3442
COV	[429-429]	429	3326
COV	[430-430]	430	3320
COV	[431-431]	431	3156
COV	[432-432]	432	3274
COV	[433-433]	433	3221
COV	[434-434]	434	3274
COV	[435-435]	435	3336
COV	[436-436]	436	3243
COV	[437-437]	437	3235
COV	[438-438]	438	3262
COV	[439-439]	439	3141
COV	[440-440]	440	3110
COV	[441-441]	441	3225
COV	[442-442]	442	3043
COV	[443-443]	443	3119
COV	[444-444]	444	3091
COV	[445-445]	445	3018
COV	[446-446]	446	3093
COV	[447-447]	447	3077
COV	[448-448]	448	3123
COV	[449-449]	449	2922
COV	[450-450]	450	2976
COV	[451-451]	451	2988
COV	[452-452]	452	3001
COV	[453-453]	453	2988
COV	[454-454]	454	2928
COV	[455-455]	455	3008
COV	[456-456]	456	2876
COV	[457-457]	457	2996
COV	[458-458]	458	2828
COV	[459-459]	459	2951
COV	[460-460]	460	2963
COV	[461-461]	461	2802
COV	[462-462]	462	2763
COV	[463-463]	463	2799
COV	[464-464]	464	2954
COV	[465-465]	465	2905
COV	[466-466]	466	2740
COV	[467-467]	467	2893
COV	[468-468]	468	2881
COV	[469-469]	469	2749
COV	[470-470]	470	2948
COV	[471-471]	471	2880
COV	[472-472]	472	2888
COV	[473-473]	473	2711
COV	[474-474]	474	2777
COV	[475-475]	475	2674
COV	[476-476]	476	2690
COV	[477-477]	477	2723
COV	[478-478]	478	2651
COV	[479-479]	479	2692
COV	[480-480]	480	2588
COV	[481-481]	481	2611
COV	[482-482]	482	2544
COV	[483-483]	483	2541
COV	[484-484]	484	2547
COV	[485-485]	485	2545
COV	[486-486]	486	2478
COV	[487-487]	487	2429
COV	[488-488]	488	2427
COV	[489-489]	489	2511
COV	[490-490]	490	2433
COV	[491-491]	491	2540
COV	[492-492]	492	2501
COV	[493-493]	493	2596
COV	[494-494]	494	2390
COV	[495-495]	495	2548
COV	[496-496]	496	2477
COV	[497-497]	497	2307
COV	[498-498]	498	2521
COV	[499-499]	499	2427
COV	[500-500]	500	2451
COV	[501-501]	501	2354
COV	[502-502]	502	2393
COV	[503-503]	503	2475
COV	[504-504]	504	2422
COV	[505-505]	505	2353
COV	[506-506]	506	2270
COV	[507-507]	507	2371
COV	[508-508]	508	2375
COV	[509-509]	509	2386
COV	[510-510]	510	2431
COV	[511-511]	511	2430
COV	[512-512]	512	2292
COV	[513-513]	513	2318
COV	[514-514]	514	2339
COV	[515-515]	515	2390
COV	[516-516]	516	2215
COV	[517-517]	517	2553
COV	[518-518]	518	2330
COV	[519-519]	519	2400
COV	[520-520]	520	2307
COV	[521-521]	521	2412
COV	[522-522]	522	2301
COV	[523-523]	523	2173
COV	[524-524]	524	2274
COV	[525-525]	525	2202
COV	[526-526]	526	2255
COV	[527-527]	527	2214
COV	[528-528]	528	2375
COV	[529-529]	529	2179
COV	[530-530]	530	2235
COV	[531-531]	531	2177
COV	[532-532]	532	2129
COV	[533-533]	533	2173
COV	[534-534]	534	2130
COV	[535-535]	535	2172
COV	[536-536]	536	2158
COV	[537-537]	537	2094
COV	[538-538]	538	2171
COV	[539-539]	539	2104
COV	[540-540]	540	2045
COV	[541-541]	541	2120
COV	[542-542]	542	2059
COV	[543-543]	543	2052
COV	[544-544]	544	2062
COV	[545-545]	545	2061
COV	[546-546]	546	2042
COV	[547-547]	547	1992
COV	[548-548]	548	2140
COV	[549-549]	549	2045
COV	[550-550]	550	2110
COV	[551-551]	551	1990
COV	[552-552]	552	1980
COV	[553-553]	553	2044
COV	[554-554]	554	2039
COV	[555-555]	555	2047
COV	[556-556]	556	2072
COV	[557-557]	557	2035
COV	[558-558]	558	2023
COV	[559-559]	559	1965
COV	[560-560]	560	1879
COV	[561-561]	561	1870
COV	[562-562]	562	1909
COV	[563-563]	563	1854
COV	[564-564]	564	1767
COV	[565-565]	565	1824
COV	[566-566]	566	1762
COV	[567-567]	567	1765
COV	[568-568]	568	1801
COV	[569-569]	569	1901
COV	[570-570]	570	1791
COV	[571-571]	571	1777
COV	[572-572]	572	1847
COV	[573-573]	573	1785
COV	[574-574]	574	1837
COV	[575-575]	575	1888
COV	[576-576]	576	1866
COV	[577-577]	577	1803
COV	[578-578]	578	1917
COV	[579-579]	579	1822
COV	[580-580]	580	1794
COV	[581-581]	581	1854
COV	[582-582]	582	1786
COV	[583-583]	583	1876
COV	[584-584]	584	1814
COV	[585-585]	585	1826
COV	[586-586]	586	1748
COV	[587-587]	587	1628
COV	[588-588]	588	1699
COV	[589-589]	589	1769
COV	[590-590]	590	1790
COV	[591-591]	591	1682
COV	[592-592]	592	1761
COV	[593-593]	593	1733
COV	[594-594]	594	1695
COV	[595-595]	595	1678
COV	[596-596]	596	1739
COV	[597-597]	597	1737
COV	[598-598]	598	1803
COV	[599-599]	599	1709
COV	[600-600]	600	1781
COV	[601-601]	601	1692
COV	[602-602]	602	1610
COV	[603-603]	603	1618
COV	[604-604]	604	1711
COV	[605-605]	605	1595
COV	[606-606]	606	1609
COV	[607-607]	607	1557
COV	[608-608]	608	1699
COV	[609-609]	609	1646
COV	[610-610]	610	1641
COV	[611-611]	611	1569
COV	[612-612]	612	1644
COV	[613-613]	613	1503
COV	[614-614]	614	1597
COV	[615-615]	615	1535
COV	[616-616]	616	1563
COV	[617-617]	617	1512
COV	[618-618]	618	1443
COV	[619-619]	619	1446
COV	[620-620]	620	1504
COV	[621-621]	621	1505
COV	[622-622]	622	1457
COV	[623-623]	623	1453
COV	[624-624]	624	1417
COV	[625-625]	625	1416
COV	[626-626]	626	1495
COV	[627-627]	627	1538
COV	[628-628]	628	1545
COV	[629-629]	629	1481
COV	[630-630]	630	1416
COV	[631-631]	631	1411
COV	[632-632]	632	1450
COV	[633-633]	633	1437
COV	[634-634]	634	1425
COV	[635-635]	635	1466
COV	[636-636]	636	1484
COV	[637-637]	637	1472
COV	[638-638]	638	1464
COV	[639-639]	639	1489
COV	[640-640]	640	1452
COV	[641-641]	641	1434
COV	[642-642]	642	1402
COV	[643-643]	643	1452
COV	[644-644]	644	1477
COV	[645-645]	645	1339
COV	[646-646]	646	1356
COV	[647-647]	647	1392
COV	[648-648]	648	1481
COV	[649-649]	649	1424
COV	[650-650]	650	1328
COV	[651-651]	651	1426
COV	[652-652]	652	1395
COV	[653-653]	653	1290
COV	[654-654]	654	1383
COV	[655-655]	655	1330
COV	[656-656]	656	1342
COV	[657-657]	657	1390
COV	[658-658]	658	1375
COV	[659-659]	659	1396
COV	[660-660]	660	1341
COV	[661-661]	661	1413
COV	[662-662]	662	1361
COV	[663-663]	663	1438
COV	[664-664]	664	1301
COV	[665-665]	665	1340
COV	[666-666]	666	1346
COV	[667-667]	667	1288
COV	[668-668]	668	1319
COV	[669-669]	669	1221
COV	[670-670]	670	1312
COV	[671-671]	671	1338
COV	[672-672]	672	1281
COV	[673-673]	673	1298
COV	[674-674]	674	1368
COV	[675-675]	675	1301
COV	[676-676]	676	1357
COV	[677-677]	677	1408
COV	[678-678]	678	1324
COV	[679-679]	679	1277
COV	[680-680]	680	1334
COV	[681-681]	681	1272
COV	[682-682]	682	1280
COV	[683-683]	683	1384
COV	[684-684]	684	1339
COV	[685-685]	685	1303
COV	[686-686]	686	1323
COV	[687-687]	687	1255
COV	[688-688]	688	1299
COV	[689-689]	689	1319
COV	[690-690]	690	1265
COV	[691-691]	691	1272
COV	[692-692]	692	1273
COV	[693-693]	693	1376
COV	[694-694]	694	1239
COV	[695-695]	695	1249
COV	[696-696]	696	1195
COV	[697-697]	697	1265
COV	[698-698]	698	1187
COV	[699-699]	699	1253
COV	[700-700]	700	1218
COV	[701-701]	701	1142
COV	[702-702]	702	1142
COV	[703-703]	703	1237
COV	[704-704]	704	1290
COV	[705-705]	705	1201
COV	[706-706]	706	1232
COV	[707-707]	707	1256
COV	[708-708]	708	1185
COV	[709-709]	709	1183
COV	[710-710]	710	1285
COV	[711-711]	711	1214
COV	[712-712]	712	1246
COV	[713-713]	713	1339
COV	[714-714]	714	1169
COV	[715-715]	715	1194
COV	[716-716]	716	1223
COV	[717-717]	717	1190
COV	[718-718]	718	1120
COV	[719-719]	719	1129
COV	[720-720]	720	1179
COV	[721-721]	721	1149
COV	[722-722]	722	1105
COV	[723-723]	723	1101
COV	[724-724]	724	1169
COV	[725-725]	725	1132
COV	[726-726]	726	1206
COV	[727-727]	727	1075
COV	[728-728]	728	1108
COV	[729-729]	729	1026
COV	[730-730]	730	1039
COV	[731-731]	731	1127
COV	[732-732]	732	1097
COV	[733-733]	733	1030
COV	[734-734]	734	1137
COV	[735-735]	735	1048
COV	[736-736]	736	1057
COV	[737-737]	737	1144
COV	[738-738]	738	1060
COV	[739-739]	739	1099
COV	[740-740]	740	1120
COV	[741-741]	741	1059
COV	[742-742]	742	1086
COV	[743-743]	743	1069
COV	[744-744]	744	1090
COV	[745-745]	745	1058
COV	[746-746]	746	1191
COV	[747-747]	747	1080
COV	[748-748]	748	1092
COV	[749-749]	749	1167
COV	[750-750]	750	1128
COV	[751-751]	751	1083
COV	[752-752]	752	1037
COV	[753-753]	753	1021
COV	[754-754]	754	1072
COV	[755-755]	755	977
COV	[756-756]	756	1021
COV	[757-757]	757	1007
COV	[758-758]	758	1020
COV	[759-759]	759	955
COV	[760-760]	760	1129
COV	[761-761]	761	926
COV	[762-762]	762	1006
COV	[763-763]	763	947
COV	[764-764]	764	986
COV	[765-765]	765	968
COV	[766-766]	766	998
COV	[767-767]	767	990
COV	[768-768]	768	952
COV	[769-769]	769	1001
COV	[770-770]	770	986
COV	[771-771]	771	929
COV	[772-772]	772	919
COV	[773-773]	773	1033
COV	[774-774]	774	998
COV	[775-775]	775	991
COV	[776-776]	776	988
COV	[777-777]	777	961
COV	[778-778]	778	966
COV	[779-779]	779	1002
COV	[780-780]	780	946
COV	[781-781]	781	957
COV	[782-782]	782	975
COV	[783-783]	783	983
COV	[784-784]	784	993
COV	[785-785]	785	963
COV	[786-786]	786	904
COV	[787-787]	787	961
COV	[788-788]	788	906
COV	[789-789]	789	941
COV	[790-790]	790	969
COV	[791-791]	791	1025
COV	[792-792]	792	1038
COV	[793-793]	793	925
COV	[794-794]	794	918
COV	[795-795]	795	997
COV	[796-796]	796	986
COV	[797-797]	797	897
COV	[798-798]	798	939
COV	[799-799]	799	941
COV	[800-800]	800	980
COV	[801-801]	801	932
COV	[802-802]	802	946
COV	[803-803]	803	885
COV	[804-804]	804	908
COV	[805-805]	805	902
COV	[806-806]	806	870
COV	[807-807]	807	890
COV	[808-808]	808	908
COV	[809-809]	809	865
COV	[810-810]	810	883
COV	[811-811]	811	868
COV	[812-812]	812	891
COV	[813-813]	813	969
COV	[814-814]	814	899
COV	[815-815]	815	830
COV	[816-816]	816	911
COV	[817-817]	817	919
COV	[818-818]	818	896
COV	[819-819]	819	843
COV	[820-820]	820	841
COV	[821-821]	821	792
COV	[822-822]	822	850
COV	[823-823]	823	866
COV	[824-824]	824	867
COV	[825-825]	825	841
COV	[826-826]	826	859
COV	[827-827]	827	903
COV	[828-828]	828	867
COV	[829-829]	829	864
COV	[830-830]	830	806
COV	[831-831]	831	827
COV	[832-832]	832	823
COV	[833-833]	833	784
COV	[834-834]	834	810
COV	[835-835]	835	846
COV	[836-836]	836	889
COV	[837-837]	837	854
COV	[838-838]	838	901
COV	[839-839]	839	876
COV	[840-840]	840	809
COV	[841-841]	841	798
COV	[842-842]	842	841
COV	[843-843]	843	839
COV	[844-844]	844	796
COV	[845-845]	845	805
COV	[846-846]	846	792
COV	[847-847]	847	834
COV	[848-848]	848	718
COV	[849-849]	849	742
COV	[850-850]	850	764
COV	[851-851]	851	786
COV	[852-852]	852	737
COV	[853-853]	853	735
COV	[854-854]	854	685
COV	[855-855]	855	727
COV	[856-856]	856	757
COV	[857-857]	857	748
COV	[858-858]	858	700
COV	[859-859]	859	682
COV	[860-860]	860	758
COV	[861-861]	861	690
COV	[862-862]	862	695
COV	[863-863]	863	775
COV	[864-864]	864	766
COV	[865-865]	865	754
COV	[866-866]	866	738
COV	[867-867]	867	762
COV	[868-868]	868	766
COV	[869-869]	869	734
COV	[870-870]	870	734
COV	[871-871]	871	762
COV	[872-872]	872	809
COV	[873-873]	873	780
COV	[874-874]	874	708
COV	[875-875]	875	720
COV	[876-876]	876	773
COV	[877-877]	877	724
COV	[878-878]	878	717
COV	[879-879]	879	786
COV	[880-880]	880	776
COV	[881-881]	881	775
COV	[882-882]	882	743
COV	[883-883]	883	692
COV	[884-884]	884	751
COV	[885-885]	885	772
COV	[886-886]	886	745
COV	[887-887]	887	681
COV	[888-888]	888	703
COV	[889-889]	889	737
COV	[890-890]	890	753
COV	[891-891]	891	746
COV	[892-892]	892	723
COV	[893-893]	893	676
COV	[894-894]	894	700
COV	[895-895]	895	620
COV	[896-896]	896	624
COV	[897-897]	897	703
COV	[898-898]	898	719
COV	[899-899]	899	687
COV	[900-900]	900	635
COV	[901-901]	901	645
COV	[902-902]	902	680
COV	[903-903]	903	649
COV	[904-904]	904	712
COV	[905-905]	905	704
COV	[906-906]	906	630
COV	[907-907]	907	592
COV	[908-908]	908	633
COV	[909-909]	909	657
COV	[910-910]	910	717
COV	[911-911]	911	686
COV	[912-912]	912	650
COV	[913-913]	913	628
COV	[914-914]	914	658
COV	[915-915]	915	650
COV	[916-916]	916	758
COV	[917-917]	917	698
COV	[918-918]	918	678
COV	[919-919]	919	694
COV	[920-920]	920	723
COV	[921-921]	921	636
COV	[922-922]	922	648
COV	[923-923]	923	689
COV	[924-924]	924	615
COV	[925-925]	925	682
COV	[926-926]	926	631
COV	[927-927]	927	592
COV	[928-928]	928	680
COV	[929-929]	929	677
COV	[930-930]	930	657
COV	[931-931]	931	698
COV	[932-932]	932	685
COV	[933-933]	933	668
COV	[934-934]	934	659
COV	[935-935]	935	667
COV	[936-936]	936	631
COV	[937-937]	937	612
COV	[938-938]	938	651
COV	[939-939]	939	640
COV	[940-940]	940	654
COV	[941-941]	941	638
COV	[942-942]	942	600
COV	[943-943]	943	654
COV	[944-944]	944	666
COV	[945-945]	945	670
COV	[946-946]	946	620
COV	[947-947]	947	649
COV	[948-948]	948	660
COV	[949-949]	949	728
COV	[950-950]	950	629
COV	[951-951]	951	709
COV	[952-952]	952	663
COV	[953-953]	953	633
COV	[954-954]	954	627
COV	[955-955]	955	664
COV	[956-956]	956	624
COV	[957-957]	957	594
COV	[958-958]	958	628
COV	[959-959]	959	630
COV	[960-960]	960	593
COV	[961-961]	961	616
COV	[962-962]	962	610
COV	[963-963]	963	640
COV	[964-964]	964	584
COV	[965-965]	965	566
COV	[966-966]	966	604
COV	[967-967]	967	567
COV	[968-968]	968	558
COV	[969-969]	969	591
COV	[970-970]	970	591
COV	[971-971]	971	573
COV	[972-972]	972	594
COV	[973-973]	973	551
COV	[974-974]	974	577
COV	[975-975]	975	626
COV	[976-976]	976	562
COV	[977-977]	977	587
COV	[978-978]	978	573
COV	[979-979]	979	517
COV	[980-980]	980	571
COV	[981-981]	981	555
COV	[982-982]	982	527
COV	[983-983]	983	574
COV	[984-984]	984	535
COV	[985-985]	985	587
COV	[986-986]	986	625
COV	[987-987]	987	552
COV	[988-988]	988	611
COV	[989-989]	989	571
COV	[990-990]	990	587
COV	[991-991]	991	534
COV	[992-992]	992	538
COV	[993-993]	993	561
COV	[994-994]	994	583
COV	[995-995]	995	537
COV	[996-996]	996	552
COV	[997-997]	997	568
COV	[998-998]	998	545
COV	[999-999]	999	492
COV	[1000-1000]	1000	573
COV	[1000<]	1000	378828
# GC-depth. Use `grep ^GCD | cut -f 2-` to extract this part. The columns are: GC%, unique sequence percentiles, 10th, 25th, 50th, 75th and 90th depth percentile
GCD	0.0	0.306	0.000	0.000	0.000	0.000	0.000
GCD	30.0	0.459	92.007	92.007	92.007	92.007	92.007
GCD	33.0	0.612	283.253	283.253	283.253	283.253	283.253
GCD	34.0	0.765	47.507	47.507	47.507	47.507	47.507
GCD	35.0	0.917	409.181	409.181	409.181	409.181	409.181
GCD	36.0	1.223	134.091	134.091	212.659	291.227	291.227
GCD	37.0	2.752	65.780	127.751	233.759	309.021	619.766
GCD	38.0	6.422	111.996	123.788	169.353	242.986	394.717
GCD	39.0	18.349	92.360	116.122	155.952	203.401	364.245
GCD	40.0	45.413	81.497	110.824	148.559	203.411	279.855
GCD	41.0	73.394	91.202	115.043	150.345	191.421	277.212
GCD	42.0	91.284	88.973	123.442	158.548	203.850	280.088
GCD	43.0	97.095	100.554	133.258	175.525	231.804	319.979
GCD	44.0	98.930	103.183	145.496	213.268	299.828	406.991
GCD	45.0	99.541	141.538	165.958	343.546	869.440	1009.962
GCD	46.0	99.847	92.615	92.615	719.320	1346.026	1346.026
GCD	48.0	100.000	34.637	34.637	34.637	34.637	34.637
